time,CO*,H2O*,H*,OH*,COOH*,CO2*,*
0.0,0.5,0.5,0.0,0.0,0.0,0.0,0.0
1.4340217313233754e-17,0.49999841541022466,0.4999998435642242,1.274483384657793e-10,1.274482915026183e-10,4.696316100195967e-17,7.752081804374773e-20,1.7407706544061845e-06
2.868043462646751e-17,0.4999968308253488,0.4999996869811621,4.022307844859445e-10,4.022305819743251e-10,2.0251161947407772e-16,2.4465644378239164e-19,3.481389027609099e-06
1.7208260775880505e-16,0.4999809854079531,0.49999810819090856,1.611392693432497e-08,1.611386711338598e-08,5.982093856535634e-14,9.802439656359599e-18,2.0874173284411265e-05
3.154847808911426e-16,0.4999651404815489,0.49999651465900974,4.6572134272276926e-08,4.6571893543442466e-08,2.4072883593125647e-13,2.834451688438523e-17,3.82517151727588e-05
7.45956483504192e-16,0.4999175791308712,0.4999916492861876,2.198609561686824e-07,2.1985880585181095e-07,2.1503170731755485e-12,1.346423588067525e-16,9.033186102876207e-05
1.1764281861172412e-15,0.49987002215226795,0.4999866529977043,5.24110272929255e-07,5.241030648367675e-07,7.208094670758446e-12,3.249467692192287e-16,0.00014227662948150402
1.6068998887302905e-15,0.4998224696501164,0.49998152294463355,9.621712619356566e-07,9.621541515534487e-07,1.711039300382192e-11,6.096398961965417e-16,0.00019408306272550546
2.7134619557700617e-15,0.49970025284619635,0.4999677193518848,2.7048514962589722e-06,2.704770265797475e-06,8.123062832751805e-11,2.012025086438255e-15,0.0003266180989241292
3.820024022809833e-15,0.49957806583800324,0.49995303255807916,5.331076658515751e-06,5.330857255015899e-06,2.1940438165730238e-10,5.014884229383735e-15,0.00045823945059455054
4.926586089849604e-15,0.4994559086054381,0.4999374681225421,8.835308279957352e-06,8.834847788396511e-06,4.604946586205541e-10,1.1152250112680897e-14,0.0005889526554456315
7.482828788983219e-15,0.49917382972355895,0.4998981907675076,2.0254179451940645e-05,2.025261276729443e-05,1.566711241011755e-09,5.626018538596216e-14,0.0008874711499466259
1.0039071488116833e-14,0.4988919091066896,0.4998543373629242,3.625141276820632e-05,3.6247680987474256e-05,3.731894209181521e-09,2.0032807449294368e-13,0.0011812507045359112
1.2595314187250448e-14,0.4986101463020048,0.4998059841067721,5.675106564406453e-05,5.674375491358765e-05,7.311076920282004e-09,5.641282352574304e-13,0.0014703674590242875
1.5151556886384063e-14,0.49832854086664885,0.4997532065375983,8.167784925331371e-05,8.166519926870786e-05,1.2650846298595463e-08,1.3447898639595373e-12,0.0017548968950396326
2.3361900701316132e-14,0.49742511766431047,0.49955464460850113,0.00019080826557230391,0.0001907626928977932,4.5580668720260236e-08,1.1655174271059528e-11,0.0026386211763944453
3.15722445162482e-14,0.49652329990159294,0.4993137155654347,0.0003423450983652726,0.0003422343139951386,1.1081889869408858e-07,4.901050781220666e-11,0.0034782942527026707
3.978258833118027e-14,0.4956230745711489,0.49903297038490024,0.0005337446913059891,0.0005335263517742833,2.184445577223109e-07,1.4628086447132466e-10,0.004276465410029203
4.799293214611234e-14,0.4947244294177484,0.49871504407721257,0.0007623788372608943,0.0007620013054865375,3.777907802992287e-07,3.5503187183227337e-10,0.00503576821646847
5.689098276176684e-14,0.4937522837023903,0.49833168488106616,0.001049034292101919,0.0010484160117961122,6.188657030051033e-07,7.904966501015682e-10,0.00581796145642545
6.578903337742133e-14,0.49278196676330027,0.497911513440315,0.00137257940449711,0.001371639860831057,9.407152050965741e-07,1.561444107313764e-09,0.006561358254379961
7.468708399307582e-14,0.49181346604245274,0.4974583254086301,0.0017292250023799702,0.0017278749852444495,1.3521556138640632e-06,2.818579808561194e-09,0.007269753587070174
8.358513460873032e-14,0.49084677007971356,0.4969760389553525,0.002115058602962431,0.0021132013320978066,1.8609001538918572e-06,4.7406735279606695e-09,0.00794706538902496
9.248318522438481e-14,0.4898818685233361,0.4964686525564488,0.0025260866125132488,0.0025236188694667734,2.4735472787099605e-06,7.532013921353938e-09,0.008597292358938106
1.0342102057910896e-13,0.48869821846985206,0.49581650574105907,0.003059921249633936,0.003056553947972215,3.3769695813451436e-06,1.2491047527153561e-08,0.009365411130869729
1.143588559338331e-13,0.4875172511097463,0.49513993667402767,0.0036183328635473106,0.003613894589246965,4.4534199838982e-06,1.9569833460799117e-08,0.010106111773651472
1.2529669128855727e-13,0.48633895408746997,0.49444612337571653,0.004194147552818613,0.004188461844674101,5.708246272992484e-06,2.926434229208302e-08,0.010826575628764178
1.3623452664328143e-13,0.48516331738273205,0.49374183323041154,0.004780600402793658,0.004773488042909219,7.144455780574726e-06,4.209425947866919e-08,0.011533574391182293
1.471723619980056e-13,0.4839903331189979,0.49303327004299313,0.005371488587335892,0.005362769668126566,8.762910639179857e-06,5.859328541728384e-08,0.012233317078676144
1.5811019735272975e-13,0.48281999533733655,0.492325952470621,0.005961293118201695,0.005950788855848342,1.056255649575012e-05,7.930081341641037e-08,0.012931328360718987
1.6868499167968413e-13,0.4816910147241824,0.49164776803067056,0.006526017565113144,0.006513619728864804,1.2472198100326404e-05,1.0382835919064057e-07,0.01360900392474226
1.792597860066385e-13,0.48056450116585503,0.4909787644653381,0.007081709069854891,0.007067256548721935,1.4544983917143446e-05,1.3327303463498616e-07,0.014293090493318686
1.8983458033359289e-13,0.47944045300102933,0.49032180488683474,0.0076255017913950006,0.007608837845170839,1.677625314924293e-05,1.6810529550312465e-07,0.0149864581171724
2.0040937466054726e-13,0.47831886932106793,0.48967906960195007,0.008155212239243845,0.008136185122989458,1.916060026043383e-05,2.0878263760855008e-07,0.015691294331899315
2.1098416898750164e-13,0.47719974975889456,0.489052106931448,0.00866928860086587,0.008647751984647836,2.169208731776306e-05,2.557470559271051e-07,0.01640915488981911
2.2155896331445602e-13,0.47608309429914886,0.4884419010231845,0.009166743056706913,0.009142556266248858,2.436443533675603e-05,3.094228460819654e-07,0.017141031496579324
2.332260051022677e-13,0.4748539611538803,0.48778869539441344,0.009695703356080323,0.009668436337830075,2.7468491979674256e-05,3.7691459313571336e-07,0.017965358351278566
2.4489304689007936e-13,0.4736278279228979,0.48715658582348526,0.010203722192259951,0.010173218366359392,3.072744825429553e-05,4.5358035746092186e-07,0.018807464666444375
2.56560088677891e-13,0.47240469478604324,0.48654520427704867,0.010691162729778794,0.010657272973985166,3.4132733389178405e-05,5.398977987535465e-07,0.019666992602015935
2.682271304657027e-13,0.4711845616798745,0.485953835297757,0.01115873576477971,0.01112131810373162,3.767604866809676e-05,6.36306954396873e-07,0.020543236798293188
2.7989417225351436e-13,0.46996742820339127,0.4853815230538781,0.011607392724642394,0.011566311948860583,4.134946551846588e-05,7.432079247397403e-07,0.0214352513958395
2.9156121404132603e-13,0.4687532935570035,0.4848271611744137,0.012038235860809194,0.011993363105445172,4.514549010990124e-05,8.609590252138029e-07,0.022341939853243422
3.047240828273621e-13,0.46738709380693305,0.48422179016063216,0.012504410985151556,0.012455112755114994,4.9566621995866656e-05,1.0072258550034872e-06,0.02338101844435889
3.178869516133982e-13,0.4660247071161112,0.48363603137882544,0.012951137769554555,0.012897265368168268,5.41255441061829e-05,1.1680894915055535e-06,0.024435564733770544
3.3104982039943427e-13,0.46466613033606646,0.4830681993819171,0.01338009706898712,0.013321508948390355,5.881368666368007e-05,1.3438656613148792e-06,0.025503906712323728
3.4421268918547036e-13,0.4633113596523183,0.48251669855879614,0.013792880319957901,0.013729441458098832,6.362321861139816e-05,1.5348015095876771e-06,0.026584461990699495
3.5737555797150644e-13,0.4619603906334229,0.48198005230833485,0.014190960327923885,0.01412254166063783,6.854699892642543e-05,1.7410785652300023e-06,0.027675766992165948
3.705384267575425e-13,0.4606132182853441,0.4814569181989957,0.014575676068604484,0.014502153977966049,7.357852134021364e-05,1.9628167365412733e-06,0.028776492130979877
3.8888727674108747e-13,0.4587416040347363,0.4807479749347174,0.015091906935413343,0.015011073846375922,8.076104493691082e-05,2.29782619889624e-06,0.03032438137758182
4.072361267246324e-13,0.4568773404084518,0.48006013231750044,0.015587310694528846,0.015498948290402624,8.8127035663433e-05,2.6630038782781e-06,0.03188547824953684
4.255849767081774e-13,0.45502040966517504,0.4793910123360975,0.016064258490998982,0.01596815941389659,9.566372348655256e-05,3.058193553986348e-06,0.03345743817675691
4.4393382669172233e-13,0.45317079290850754,0.47873863296413244,0.016524726167319342,0.016420692968646133,0.00010335970635384234,3.4831077351579475e-06,0.03503831217727198
4.622826766752673e-13,0.4513284702924989,0.47810134097716256,0.016970361334165147,0.016858205594166818,0.00011120472338391232,3.937356515031338e-06,0.036626479722073495
4.917020977049234e-13,0.4483897741422879,0.47710765673750155,0.01765727404441385,0.017531722341944354,0.00012407102332049973,4.725696801646618e-06,0.03918477601369285
5.211215187345795e-13,0.44546968731952763,0.47614468309516583,0.01831409936863866,0.01817471913385026,0.00013726265276175055,5.586034560113483e-06,0.04175396239545752
5.505409397642356e-13,0.44256811826425296,0.4752088537287518,0.01894438683006398,0.018790772888637078,0.0001507494712749326,6.516000617503321e-06,0.044330602816365014
5.799603607938917e-13,0.43968497298406933,0.4742973487342893,0.019550941346583,0.01938271311507749,0.00016450454518763348,7.51316933249786e-06,0.0469120061054252
6.093797818235478e-13,0.43682015561638354,0.47340788827433006,0.020136029295627744,0.019952828420570237,0.00017850351880939212,8.575138587152486e-06,0.04949601973565628
6.387992028532039e-13,0.4339735688781863,0.4725385805522815,0.020701530297410738,0.020503018664938876,0.00019272412459358528,9.699578857994573e-06,0.05208087790369479
6.679740619119832e-13,0.43116855271899013,0.4716948206350063,0.021244556853679455,0.021030546099634215,0.00020702516261940295,1.0874164847629231e-05,0.05464362436518646
6.971489209707624e-13,0.42838127187105074,0.4708679564635341,0.02177122327217549,0.021541415781408585,0.0002215053809489668,1.2105904174067042e-05,0.05720452132667189
7.263237800295417e-13,0.4256116289548711,0.4700568211636194,0.022282687308384064,0.022036800874359674,0.00023614746559454716,1.3392799362212216e-05,0.05976252143377286
7.55498639088321e-13,0.4228595261056077,0.46926039114752516,0.02277996411972787,0.022517730840035038,0.00025093522859293476,1.4732934014575557e-05,0.062316719624460476
7.846734981471002e-13,0.42012486510232905,0.4684777587507285,0.02326395353969798,0.022985118841593405,0.00026585348637686015,1.612446442908568e-05,0.06486632581480897
8.138483572058795e-13,0.41740754747426917,0.46770811340487095,0.023735458829458447,0.023439780605358836,0.00028088796147561376,1.7565610512436777e-05,0.06741064611401822
8.557126431201039e-13,0.4135384507939311,0.4666249627219333,0.024391660232746602,0.024071412804600525,0.0003026378515335404,1.9716808035148133e-05,0.07105115878718349
8.975769290343283e-13,0.40970457043542285,0.465565173923539,0.02502550247236928,0.024680243386021417,0.00032456240984296856,2.196169191075169e-05,0.0746779856808576
9.394412149485527e-13,0.4059056146630802,0.46452709671906306,0.025638618541648672,0.025267934846754582,0.0003466274599116408,2.429551092034032e-05,0.07828981225858539
9.81305500862777e-13,0.4021412920725952,0.4635092762433965,0.02623244724536722,0.02583595328951059,0.0003688013609919215,2.671366144595842e-05,0.08188551612665639
1.0231697867770014e-12,0.39841131183862627,0.4625104257075786,0.02680826037803373,0.026385595863452876,0.0003910547636590861,2.9211670634980297e-05,0.0854641397779783
1.0856743041081277e-12,0.3929056355644773,0.4610519696046792,0.02763685598462369,0.027174498424126413,0.000424369005740313,3.3080488884160946e-05,0.09077359092743273
1.148178821439254e-12,0.387474905358928,0.4596299553079518,0.02843106252380797,0.027928333422541946,0.000457717064121485,3.71036553417692e-05,0.0960409226672708
1.2106833387703803e-12,0.3821181657590691,0.45824152577882143,0.029193696956256437,0.02864998348579101,0.0004910242418828677,4.1267729702494815e-05,0.10126433604844058
1.2731878561015067e-12,0.37683446804627785,0.4568841970692774,0.029927205899428138,0.0293419553283252,0.0005242230762136207,4.5559778232349334e-05,0.10644239080220919
1.335692373432633e-12,0.3716228708994291,0.455555802470076,0.030633721047655434,0.030006435903037774,0.000557252555501534,4.996735517246812e-05,0.1115739497690916
1.4107924887623858e-12,0.3654551004519379,0.4539953080693325,0.03144953765742363,0.030771161147153996,0.00059663636847771,5.539907197710107e-05,0.11767685723366095
1.4858926040921386e-12,0.3593884669369647,0.45247094261695353,0.032231924812932605,0.03150189347915339,0.0006356103701723289,6.0960502433849516e-05,0.12371020128135338
1.5609927194218913e-12,0.35342138537609924,0.4509801639230242,0.032983373679949496,0.0322011985165484,0.0006740983808090943,6.663278895682496e-05,0.12967314733457647
1.6360928347516441e-12,0.3475522896794271,0.4495207330703975,0.03370607461889831,0.03287133522177561,0.0007120327863995971,7.239799823824383e-05,0.13556513662482733
1.711192950081397e-12,0.34177963311114257,0.4480906684106777,0.034401962832304345,0.0335143022479607,0.0007493536661578488,7.823910254156254e-05,0.14138584062917897
1.809978251741155e-12,0.33433067822204926,0.4462513557329859,0.03527936702006102,0.03432164975122415,0.000797422350395676,8.601092438611979e-05,0.14893351599886168
1.9087635534009128e-12,0.32704252216565816,0.4444562489606538,0.03611680898705805,0.03508864217739834,0.0008442343149883916,9.385178864908886e-05,0.15635769160555785
2.007548855060671e-12,0.3199118025311838,0.44270223008218135,0.036917313260524255,0.03581841700888501,0.0008897018144007777,0.00010172970297327886,0.16365880559981522
2.106334156720429e-12,0.3129352175654168,0.4409865532037686,0.03768353563938125,0.03651373383631828,0.0009337517441715187,0.00010961504989299828,0.17083759296101425
2.205119458380187e-12,0.3061095262196628,0.43930677825509623,0.03841782905736229,0.03717704130362913,0.0009763239937328036,0.00011748050350440093,0.17789502066697593
2.303904760039945e-12,0.29943154803204436,0.437660722461621,0.03912229172754586,0.03781052622326069,0.0010173699894337979,0.00012530091517032053,0.18483224065088757
2.444977119544145e-12,0.2901448510712123,0.4353646563940782,0.040080275482246464,0.03866732474582918,0.0010732665876501688,0.00013634561775496267,0.19453328010119242
2.5860494790483455e-12,0.2811441696039463,0.43312833033596565,0.04098604929536832,0.03947231700497442,0.0011258941374434335,0.00014719141620663453,0.203996048206059
2.7271218385525458e-12,0.2724208735759405,0.4309473262531877,0.041843806368849865,0.04022989609168673,0.0011752050585459306,0.00015778561058502923,0.21322510704116798
2.868194198056746e-12,0.26396657466430035,0.42881775538694544,0.042657217684614654,0.04094391504398483,0.0012211794831999605,0.0001680825675004613,0.22222527516941806
3.0092665575609464e-12,0.255773121890958,0.4267361684970759,0.043429521328604025,0.04161777821600886,0.0012638211684498487,0.00017804317817794981,0.23100154572068926
3.1503389170651467e-12,0.24783259698378765,0.42469948644274624,0.044163591585229665,0.042254512115082785,0.0013031538865335723,0.00018763434009302443,0.23955902464649073
3.317028420686004e-12,0.2387656556842535,0.4223470813163086,0.04498517265057555,0.04296269478949071,0.001345420733924122,0.00019845356769639463,0.24939552125771497
3.483717924306861e-12,0.23002882643961337,0.42004944018200785,0.04576070958573979,0.043626779124714486,0.0013832176567344526,0.00020868212392562114,0.2589423448872283
3.650407427927719e-12,0.22161024453582054,0.41780292229124316,0.04649353732695341,0.04425028985353791,0.0014166595853835672,0.000218292225831419,0.26820805418119387
3.817096931548576e-12,0.21349845522272873,0.41560426183506843,0.04718662723900162,0.04483636979328926,0.001445879566992463,0.00022726393301961403,0.27720114240986377
3.983786435169434e-12,0.20568240158870574,0.41345051344334877,0.04784264155260204,0.04538783583003028,0.001471024905755247,0.00023558426605241724,0.2859299984134694
4.1504759387902915e-12,0.19815141251016635,0.411339008652878,0.048463976826627675,0.04590722373660614,0.0014922538237582303,0.00024324637943190966,0.29440287807049553
4.37084721500972e-12,0.18861519538522584,0.4086082450975615,0.04923583640040096,0.04654850677833912,0.0015145916342369035,0.00025236391794067575,0.3052252607862587
4.591218491229149e-12,0.17953643025546737,0.4059420383238338,0.04995533346347282,0.04714244333189109,0.001530774259695253,0.0002603379293212825,0.3156326424362821
4.811589767448578e-12,0.1708933486912797,0.4033358776099435,0.05062643970503277,0.04769322121351391,0.0015412094691995986,0.0002671891944062955,0.325642714116588
5.0319610436680064e-12,0.162665195957283,0.4007857177891803,0.05125269437948436,0.04820456160158553,0.0015463078234354427,0.000272948150600006,0.3352725742983951
5.252332319887435e-12,0.15483218691809247,0.3982879140515718,0.05183726886292555,0.048679786300740324,0.0015464774025028228,0.000277652960470156,0.34453871350366055
5.472703596106864e-12,0.14737546334681867,0.39583916932585245,0.052383018491431094,0.04912187207608375,0.001542119499380126,0.0002813478016821237,0.35345700945871533
5.8159083334308274e-12,0.13646959944066892,0.39211622932085444,0.05316166678288667,0.04975061343256193,0.0015272365495103118,0.00028520711015791604,0.36668944736332354
6.159113070754791e-12,0.12636920415636616,0.3884950372561469,0.05386099184991122,0.05031428625097156,0.0015037315155679994,0.0002869343292564805,0.3791698146417433
6.5023178080787544e-12,0.1170150539577126,0.38496683830789313,0.054488503958496914,0.05082051434638118,0.0014729266874290005,0.0002867375910931185,0.3909494251509578
6.845522545402718e-12,0.10835223269181803,0.3815239684437424,0.055050776544882024,0.051275872821403105,0.0014360444035050348,0.00028482761937628293,0.4020762774752368
7.1887272827266814e-12,0.10032982793752164,0.37815968416254747,0.055553604835368586,0.05168606116083761,0.0013942027986240133,0.00028141221721931424,0.4125952068878451
7.531932020050644e-12,0.0929006458966477,0.37486802663303287,0.05600213005930609,0.05205604079706077,0.0013484144343863301,0.00027669208233923595,0.4225480500971907
7.943599702203311e-12,0.08471070454867977,0.37100815454896036,0.05647491400284804,0.05245284443486694,0.001289557153071186,0.000269576674921672,0.4337942486366157
8.355267384355978e-12,0.07724205194261509,0.3672371682772946,0.05688317275081522,0.05280448846191566,0.0012277013473679403,0.0002611634889247552,0.4443442537310304
8.766935066508645e-12,0.07043130050110957,0.3635480550827723,0.05723311126741812,0.05311652965346064,0.0011640300507636888,0.0002517305883461475,0.4542552428560931
9.178602748661312e-12,0.06422060685103731,0.3599346682753032,0.057530238208218024,0.05339374978876021,0.001099547403483483,0.0002415273230862657,0.4635796621500753
9.590270430813979e-12,0.05855719331964867,0.35639160242635276,0.05777946705328794,0.05364027619111381,0.0010350948383295966,0.00023077437072434366,0.47236559180050647
1.0001938112966646e-11,0.053392907381329666,0.35291408963946347,0.05798519827081076,0.05385968089867437,0.0009713671340413812,0.00021966455336900934,0.48065709212227503
1.0464334205557283e-11,0.048133036930783794,0.3490810053071422,0.058169307742245366,0.05407761265527856,0.0009013467547822074,0.0002069657916960207,0.48943072481803535
1.092673029814792e-11,0.043391082733428316,0.3453200513830333,0.05830854164273857,0.05426901476831748,0.0008335775689463042,0.00019422507589222696,0.49768350682760737
1.1389126390738558e-11,0.03911609743582442,0.3416266112529903,0.0584073851586697,0.05443713362630886,0.0007685308036847219,0.00018160607490985662,0.5054626356475755
1.1851522483329196e-11,0.035262135836850075,0.33799662485567655,0.05846985388905612,0.05458475687728711,0.0007065447140804648,0.00016924088268221638,0.5128108429443309
1.2313918575919833e-11,0.03178776647041055,0.3344265110098713,0.0584995509081926,0.05471428303675408,0.0006478458139360565,0.0001572337498648701,0.5197668090109338
1.277631466851047e-11,0.028655628439620464,0.3309131014957284,0.058499715051770776,0.05482777980951716,0.0005925678128208096,0.00014566467528166917,0.5263655427152243
1.325550005536305e-11,0.0257349172860145,0.327328953407853,0.058471835215287316,0.05493038923698644,0.0005389531453841454,0.00013420069010011752,0.5328607510183379
1.3734685442215629e-11,0.02311183444269477,0.32379990573912765,0.058418288092015214,0.05501941581606572,0.000489068844351145,0.00012331625378060165,0.5390381708119283
1.4213870829068208e-11,0.020756064360266224,0.3203234872231894,0.058341698001508215,0.05509633853557474,0.0004428541967858268,0.00011303996934300407,0.5449265177132961
1.4693056215920787e-11,0.018640376961756463,0.31689749288097807,0.058244425922688615,0.05516243509476416,0.00040020558926381824,0.00010338621239079694,0.5505516773381216
1.5172241602773368e-11,0.016740314052126323,0.3135199499763814,0.05812859607023521,0.055218809901995194,0.0003609870000927607,9.435798587374384e-05,0.5559369850132587
1.565142698962595e-11,0.01503390709930712,0.3101890846978756,0.05799612270189854,0.05526642187301535,0.00032503952680428303,8.594877414846064e-05,0.561103475326914
1.6243371745103944e-11,0.01316413411278644,0.3061364978242747,0.05781204820305549,0.05531436779548941,0.00028488831053229184,7.639437910953825e-05,0.5672116693747156
1.683531650058194e-11,0.011526893206551151,0.30215001404571623,0.057608088558189254,0.05535154871384806,0.0002491137615441125,6.772599497260082e-05,0.5730466157191421
1.7427261256059934e-11,0.010093267794267518,0.298227234195854,0.0573867889735826,0.05537910110574936,0.00021735987230696427,5.9897316418731514e-05,0.578636350741784
1.801920601153793e-11,0.008837937033618924,0.29436601277059327,0.057150387939379155,0.05539798835934414,0.00018927259960837246,5.285611065642622e-05,0.5840055451867632
1.8611150767015924e-11,0.00773873078883267,0.29056441975608,0.05690085417482472,0.055409029981910995,0.00016450750399790747,4.654684205699355e-05,0.5891759109522603
1.920309552249392e-11,0.006776235649014974,0.2868207083078001,0.05663991911768617,0.055412925972449414,0.00014273543907251232,4.0912701857142585e-05,0.5941665628120832
1.9834205247264398e-11,0.005881540369675695,0.2828912655101764,0.05635087262806004,0.05540988371848296,0.00012247073406767214,3.5585778358008925e-05,0.5993083812611427
2.0465314972034876e-11,0.0051049785755440495,0.2790240491485541,0.05605221128598596,0.0554000251438899,0.0001049067900481758,3.089536584686984e-05,0.6042829336900944
2.1096424696805355e-11,0.004430951374191085,0.27521744461412184,0.055745344692916636,0.05538388620729067,8.972328915549285e-05,2.6777730900619374e-05,0.609105872091387
2.1727534421575834e-11,0.003845920555678833,0.2714699625573807,0.055431501958631786,0.05536192946209633,7.662899569466764e-05,2.3172798113785667e-05,0.6137908836723673
2.2358644146346313e-11,0.003338136275066983,0.2677802207952317,0.055111754875524596,0.05533455661875032,6.536125336818933e-05,2.0024626419772255e-05,0.618349945555602
2.298975387111679e-11,0.002897399642697737,0.26414692914739935,0.05478703822464427,0.05530211887914169,5.568488241972089e-05,1.7281662600028725e-05,0.6227935475610605
2.3676170856922452e-11,0.0024838456433209644,0.2602579087308833,0.05442917320600848,0.05526144854131559,4.672325475933918e-05,1.4703415343974605e-05,0.6275061972083318
2.4362587842728113e-11,0.0021293247332960044,0.25643276911075674,0.05406730280650391,0.055215502493312106,3.915986935197734e-05,1.2494124643823457e-05,0.6321034468620989
2.5049004828533774e-11,0.0018254087833904874,0.2526701275302865,0.053702212707855634,0.055164590798994315,3.2788233817040916e-05,1.060492586612296e-05,0.6365942670197533
2.5735421814339434e-11,0.001564873683235916,0.24896867332020703,0.05333458118915,0.055108989698478904,2.7429421218462055e-05,8.992480030970726e-06,0.6409864602076422
2.6421838800145095e-11,0.0013415273793821235,0.24532715868511096,0.05296499428190705,0.05504894724972046,2.292912065751956e-05,7.618580134391444e-06,0.645286824703051
2.7108255785950756e-11,0.0011500616237152767,0.24174439099917114,0.05259395885997189,0.054984687928950136,1.915481993831215e-05,6.4497251313949995e-06,0.6495012960430853
2.788550088630964e-11,0.0009660412514939116,0.23775702571571222,0.052172629244604474,0.054907092080173685,1.561537523990017e-05,5.337054610581948e-06,0.654176259278129
2.8662745986668527e-11,0.0008114707525913882,0.23384192389624567,0.0517505512335935,0.05482462263741528,1.272296060255536e-05,4.413344214852818e-06,0.6587542951753002
2.943999108702741e-11,0.0006816353597673497,0.22999755485017725,0.051328191971919755,0.054737527689867845,1.0361980381651466e-05,3.64753388450585e-06,0.663241080613965
3.02172361873863e-11,0.0005725758947701592,0.22622244432346453,0.05090595053806804,0.05464603578253768,8.436631559650702e-06,3.013361769195256e-06,0.667641543467794
3.0994481287745183e-11,0.000480967897843525,0.2225151688325009,0.05048416865867086,0.054550358848781795,6.867776852035949e-06,2.4887117205972566e-06,0.6719599792735937
3.177172638810407e-11,0.000404018976801544,0.2188743509005242,0.05006313976872354,0.054450694596540214,5.590227333659702e-06,2.0550219667514475e-06,0.6762001505080735
3.2680730416185e-11,0.0003295022151466019,0.21469886360826357,0.049572029729778165,0.05432932457013458,4.394465533330214e-06,1.6425516204651388e-06,0.6810642428594866
3.3589734444265936e-11,0.0002687332382730456,0.21061038114190433,0.049082638973837044,0.054203032018410466,3.4550718596579577e-06,1.3129120715213602e-06,0.6858304466436073
3.449873847234687e-11,0.0002191738606580594,0.2066069004567008,0.048595259605583245,0.054072077655096036,2.7172651984822124e-06,1.0495867217713115e-06,0.6905028215700051
3.5407742500427804e-11,0.00017875537170559,0.20268647988754765,0.048110139658151266,0.05393670699755679,2.137835073168469e-06,8.392921579842448e-07,0.6950849409577711
3.631674652850874e-11,0.0001457919686740834,0.19884723488133138,0.047627490600539675,0.05379715214802703,1.6827740862364834e-06,6.713739929971905e-07,0.6995799762533123
3.722575055658967e-11,0.00011890887618742655,0.19508733433673997,0.04714749354091927,0.05365363326289234,1.3253395752470964e-06,5.372968914877933e-07,0.7039907673467577
3.832261658371819e-11,9.298629541779128e-05,0.1906534881588378,0.04657204712872467,0.05347547333401993,9.944879924991104e-07,4.109644530342419e-07,0.7092045996305177
3.941948261084671e-11,7.271832006834533e-05,0.18632954436184834,0.04600092059321665,0.05329219507952725,7.470730674083716e-07,3.146422128747328e-07,0.7143035599300227
4e-11,6.38443459963683e-05,0.18408456082762656,0.045700467807673145,0.05319323709274915,6.423571171888074e-07,2.732631204511288e-07,0.7169569743056807
