time,CO*,H2O*,H*,OH*,COOH*,CO2*,*
0.0,0.5,0.5,0.0,0.0,0.0,0.0,0.0
5.25798578405363e-18,0.49999842066458533,0.49999984408337395,1.266045201513269e-10,1.2660447365380984e-10,4.649751708522767e-17,7.700756787474085e-20,1.7349988316923923e-06
1.051597156810726e-17,0.49999684133671063,0.499999688020701,3.9956705201410103e-10,3.995668515108817e-10,2.0050321936088313e-16,2.4303625076757485e-19,3.4698434542081525e-06
6.309582940864355e-17,0.4999810487216615,0.49999811454380433,1.6006772462274457e-08,1.600671323729273e-08,5.922498130875408e-14,9.737233865124248e-18,2.0804720989255155e-05
1.1567568724917985e-16,0.4999652568618555,0.4999965264503997,4.626170978963595e-08,4.6261471464685644e-08,2.383249517431354e-13,2.81553754636855e-17,3.812416432523953e-05
2.735271792292715e-16,0.4999178518653869,0.49999167764856656,2.184060969473868e-07,2.1840396795974044e-07,2.1289878447861487e-12,1.3374201645377102e-16,9.003367385257552e-05
4.3137867120936317e-16,0.49987045358788507,0.4999866990418312,5.20634308162567e-07,5.206271717735727e-07,7.136391141628634e-12,3.2272938565462067e-16,0.00014180610166715963
5.892301631894548e-16,0.49982306218394223,0.4999815878238928,9.55759955535966e-07,9.557430162030797e-07,1.6939343503049955e-11,6.053316314756991e-16,0.00019343847225335362
9.95892918290706e-16,0.49970100260307937,0.49996780692295806,2.6912783316555237e-06,2.6911977013305883e-06,8.063048967622709e-11,1.9994457778566347e-15,0.0003258079172971511
1.4025556733919572e-15,0.49957898882453994,0.4999531470531077,5.307696156176318e-06,5.307478182886323e-06,2.1797416203765462e-10,4.981875799458691e-15,0.0004572487300341613
1.8092184284932084e-15,0.49945702071350956,0.4999376140729156,8.799165276357894e-06,8.798707603588822e-06,4.5767583485833314e-10,1.1072172078059165e-14,0.0005877668830080829
2.744337891992058e-15,0.49917672787946354,0.49989861815179076,2.0113090032308982e-05,2.0111539720576755e-05,1.5503378404962856e-09,5.538820121725518e-14,0.0008844277885996927
3.679457355490907e-15,0.49889667374775004,0.49985511660958026,3.594306328889934e-05,3.593937924215919e-05,3.684157739049088e-09,1.9629915143013537e-13,0.001176323515784611
4.614576818989756e-15,0.4986168563697722,0.4998071879184055,5.621072626071194e-05,5.6203520341620476e-05,7.206257162265919e-09,5.511282060336053e-13,0.0014635342584116543
5.5496962824886054e-15,0.4983372738425198,0.49975490965842595,8.083860926971412e-05,8.082615520041643e-05,1.2454908627586813e-08,1.3109737254834525e-12,0.001746139278364536
8.323764270937725e-15,0.49750924561481114,0.4995749779892247,0.00017880805917194905,0.00017876675340453897,4.1312454356508106e-08,9.796723565267862e-12,0.002558160261138611
1.1097832259386846e-14,0.49668322163107886,0.4993594479402119,0.0003124732486743494,0.00031237682996339934,9.644584548398754e-08,3.872285790728919e-11,0.003332383865508523
1.3871900247835966e-14,0.49585915774559497,0.4991103441854301,0.0004798120266724065,0.0004796265056650019,1.856005822304043e-07,1.1149386162905154e-10,0.004070873824561215
1.6645968236285087e-14,0.49503701245467685,0.49882973330081753,0.0006787601435725453,0.0006784443658714168,3.1596921034856796e-07,2.6422777760235006e-10,0.004775733501590662
1.9888688084775916e-14,0.4940783541162373,0.49846463110241085,0.000948535830902161,0.0009480068522851636,5.294304135645435e-07,6.132854785139636e-10,0.005559942054297298
2.3131407933266744e-14,0.49312220665071915,0.49806289862532405,0.0012550874012426233,0.0012542704034929734,8.179288971420496e-07,1.2462518154386638e-09,0.006304717743615626
2.6374127781757573e-14,0.49216851717623505,0.4976281700194848,0.0015947833713127484,0.001593594994723755,1.1901123916787415e-06,2.2954479035037598e-09,0.007013742029507766
2.96168476302484e-14,0.4912172378598849,0.4971641879580462,0.001963883332712277,0.001962232771987488,1.6535543351888485e-06,3.920113850224789e-09,0.007690800601495938
3.3838210944238147e-14,0.4899824059374141,0.49652264163320775,0.002482141000201081,0.002479742313545418,2.404236566720448e-06,7.201640275054601e-09,0.008530657675919257
3.805957425822789e-14,0.48875150440115733,0.49584648299074946,0.0030352723449295804,0.0030319496442682914,3.3321711383529876e-06,1.2231336865770294e-08,0.009331446215187856
4.228093757221764e-14,0.487524465929045,0.4951441182021752,0.003614873178951408,0.003610442387474722,4.4459059313795805e-06,1.9522197882198692e-08,0.010101634873140175
4.53682771251655e-14,0.4866294725172746,0.49461854424048735,0.0040508297049477865,0.004045468809637626,5.381425714134821e-06,2.6603286158917088e-08,0.010650276697816988
4.845561667811336e-14,0.48573649976291583,0.4940862971885756,0.004493600752939049,0.004487207241987939,6.420671644539086e-06,3.54119226713026e-08,0.011189938969576005
5.1542956231061226e-14,0.4848455343767979,0.49355018824847613,0.004940374927262348,0.004932845823528185,7.564196032225219e-06,4.617639955231021e-08,0.011723446251392879
5.463029578400909e-14,0.48395656625879935,0.4930128192849327,0.00538854994674062,0.005379782460088216,8.81186929263739e-06,5.9128008313182195e-08,0.012253411052282228
5.771763533695696e-14,0.483069588194619,0.49247655111900507,0.0058357643800027665,0.0058256564882362555,1.0162944938706179e-05,7.449865715148992e-08,0.012782202374980633
6.266745651604262e-14,0.4816516700988228,0.49162423310068526,0.006545596338986223,0.0065331298744744516,1.2541441557133269e-05,1.0476730553765544e-07,0.013632724378996527
6.761727769512827e-14,0.48023884829731217,0.4907872343053373,0.007240463575025008,0.007225387144959048,1.5174496047455327e-05,1.4277902825347957e-07,0.014492749403433848
7.256709887421393e-14,0.4788311261226463,0.4899709394054417,0.007914976938466382,0.007897048652548328,1.8051984777046947e-05,1.8943616088155153e-07,0.015367667461238759
7.751692005329959e-14,0.4774285147576084,0.4891790662212824,0.008565413773756633,0.0085444026121909,2.1162128503928285e-05,2.456021724759925e-07,0.016261194905741176
8.246674123238525e-14,0.4760310302902248,0.4884138613712093,0.009189522474185153,0.009165209048512514,2.4492132618144743e-05,3.1209456713086657e-07,0.017175572589982264
8.74165624114709e-14,0.4746386912161154,0.48767633004755057,0.009786292866230083,0.009758469680060916,2.8028733041568635e-05,3.8967821319697503e-07,0.0181117977802534
9.230710832595733e-14,0.47326809753620036,0.4869748245961281,0.01034904749998681,0.010317564306162971,3.171288263380207e-05,4.779167229435402e-07,0.019058275263791915
9.719765424044375e-14,0.47190256230858907,0.486299650074606,0.010885789206467222,0.010850465882598203,3.557322231055977e-05,5.782926058555452e-07,0.020025381014470475
1.0208820015493018e-13,0.4705421005426192,0.48564961891786596,0.011397701289424123,0.011358368094806157,3.959776843879006e-05,6.913621351654093e-07,0.021011922026247673
1.069787460694166e-13,0.46918672448628734,0.4850232350711235,0.011886275790588992,0.01184277269448532,4.377521817231895e-05,8.176142310331799e-07,0.022016399126474306
1.1186929198390303e-13,0.4678364432751263,0.48441883740471825,0.012353170074464704,0.012305346039632575,4.809503320314291e-05,9.574683454656557e-07,0.023037150705675656
1.1675983789838946e-13,0.46649126280540437,0.4838347097402539,0.012800096790591648,0.01274780905353582,5.254747355606112e-05,1.1112736553990782e-06,0.024072462863965725
1.2172993141645837e-13,0.46512943081301433,0.48326010686566084,0.013235573506259111,0.013178611001387624,5.719900328598399e-05,1.2821617652341545e-06,0.025137796649378565
1.267000249345273e-13,0.4637728692154247,0.4827030040417016,0.013653855837850578,0.013592086212744535,6.196969322386109e-05,1.4679688162334515e-06,0.02621474703077549
1.316701184525962e-13,0.4624215745951373,0.48216183376168115,0.01405650821002804,0.013989805743876949,6.685173033091269e-05,1.6688476717404241e-06,0.02730175711160439
1.3664021197066513e-13,0.46107554080488794,0.48163516717388105,0.014444956554453265,0.014373201585968927,7.183800486993475e-05,1.8848868395729563e-06,0.028397410989254235
1.4161030548873404e-13,0.4597347592628497,0.4811217194130782,0.014820482957236834,0.014743561374712522,7.692204460924512e-05,2.116115801207581e-06,0.029500438831738255
1.4658039900680296e-13,0.4583992192414751,0.48062034689152167,0.015184228349603859,0.015102031139376311,8.209794931208551e-05,2.3625109142060546e-06,0.030609713917736245
1.563754069826921e-13,0.45578244518816,0.479663780685505,0.015870411964601417,0.015777516452254895,9.254691915805191e-05,2.8921988181248406e-06,0.032810406591396425
1.6617041495858124e-13,0.4531858654920543,0.47874386691044485,0.01652105759227885,0.016417090583764466,0.00010329566129436652,3.479515788048073e-06,0.035025344244288215
1.7596542293447038e-13,0.45060934771289723,0.4778556544237175,0.017141099030952615,0.017025715299539872,0.00011431317670860005,4.123043920670454e-06,0.037249747312187186
1.8576043091035951e-13,0.4480527463100974,0.4769952842800442,0.017734378806147623,0.017607257862291652,0.00012557253104841855,4.821091902139454e-06,0.03947993911838519
1.9555543888624865e-13,0.44551590626632964,0.4761596985874372,0.01830393918310324,0.018164782677551564,0.00013704995921780402,5.571816684847246e-06,0.041713051509584126
2.0438385583063535e-13,0.4432462048182299,0.47542576497743766,0.018798999606916025,0.018648756153871765,0.0001475640413536065,6.292007567958523e-06,0.04372641839453133
2.1321227277502204e-13,0.44099230274732404,0.4747084881050763,0.01927824593299074,0.01911670266760935,0.00015822404400398548,7.052026042559943e-06,0.045738984476864225
2.2204068971940873e-13,0.4387540750326414,0.4740066108285222,0.019742925230644994,0.019569881524602126,0.00016901709952106588,7.850485319699273e-06,0.047749639798660815
2.3086910666379543e-13,0.43653139478361896,0.4733190564863491,0.020194104445652443,0.020009370979769396,0.00017993133176878067,8.68603409455013e-06,0.04975745593865798
2.3969752360818215e-13,0.43432413373138684,0.4726448932424097,0.020632706029122688,0.020436103964741797,0.0001909557341170837,9.557364186870204e-06,0.05176164993394532
2.4852594055256887e-13,0.43213216267087307,0.47198330161626834,0.021059540382583307,0.020850900623533664,0.0002020800587553592,1.0463216524728045e-05,0.05376155143137194
2.6400465333429093e-13,0.4283255296668227,0.4708515346005772,0.0217816265657416,0.021551500271091373,0.0002217967566862288,1.2131132750927807e-05,0.057255881006245235
2.79483366116013e-13,0.4245647980664512,0.46975281083051557,0.022473069736217308,0.02222100945581672,0.0002417441670713982,1.3895321090100793e-05,0.060732672422758587
2.9496207889773505e-13,0.42084926778346937,0.46868427504927673,0.023136681713023514,0.022862280074605494,0.0002618797625901834,1.5750023514851795e-05,0.06418986559344214
3.104407916794571e-13,0.4171782419910691,0.4676435166955176,0.023774831471154438,0.023477717197556744,0.00028216520382812063,1.7689818187191202e-05,0.06762583762260768
3.2591950446117917e-13,0.41355102905916136,0.4666284650699921,0.024389549774760943,0.024069384253188074,0.00030256580236456897,1.9709582655507945e-05,0.07103929645779723
3.4139821724290123e-13,0.4099669441453002,0.46563730700847605,0.02498261133269791,0.024639085657619488,0.0003230500549515549,2.1804464690657915e-05,0.07442919733618412
3.5960676030439726e-13,0.4058050598712548,0.4644997820390298,0.02565464446874635,0.025283280057413208,0.00034721528946265204,2.4358710779892794e-05,0.07838565956323466
3.778153033658933e-13,0.4017008346378223,0.46339084525559965,0.02630107512125487,0.025901522229051867,0.00037141445915326405,2.7003360719096552e-05,0.08230730493632095
3.9602384642738933e-13,0.3976532004497508,0.46230851671130063,0.026923826986266424,0.02649577241398319,0.0003956095788368264,2.973160104086433e-05,0.08619334225874299
4.1423238948888536e-13,0.3936611084500679,0.461251050752532,0.027524591389629857,0.027067755212797664,0.0004197664417929071,3.253695333123657e-05,0.09004319079976963
4.324409325503814e-13,0.3897235296040255,0.46021689215930556,0.02810487099927632,0.027619003693447757,0.0004438541986551403,3.5413253569608976e-05,0.0938564360916413
4.5064947561187743e-13,0.38583945514650186,0.45920465160012175,0.028666004231023844,0.028150884146519086,0.0004678450057777346,3.835462304180765e-05,0.09763280524693532
4.740277031372539e-13,0.38092949561728656,0.4579351695038887,0.029360287320077047,0.02880732515182155,0.000498464871703528,4.2217514876031695e-05,0.10242704002026833
4.974059306626303e-13,0.37610406564310955,0.45669742835152083,0.030027215984718022,0.029436137941769903,0.0005288362076167587,4.616719750215186e-05,0.10716014867368452
5.207841581880068e-13,0.37136117903494326,0.4554893486112908,0.0306687723350452,0.03003934927591067,0.0005589174143468944,5.019310869212152e-05,0.11183224021969262
5.441623857133833e-13,0.36669890482940026,0.45430907584696084,0.03128671675382586,0.030618760059748302,0.0005886719680614791,5.428531207905009e-05,0.1164435852298457
5.675406132387598e-13,0.3621153664274355,0.4531549524255996,0.03188261597605587,0.03117597391361526,0.0006180678540707175,5.843445913176779e-05,0.12099458894401292
6.031586576379502e-13,0.35527934689952867,0.45144352087088047,0.03275125358586973,0.03198545578543328,0.000662102286128684,6.484569128474244e-05,0.1278134748807961
6.387767020371405e-13,0.34861565457106575,0.4497847031674593,0.033576302118071236,0.03275118020357903,0.0007051566099865446,7.13401382435425e-05,0.13449566319151623
6.743947464363309e-13,0.3421183435274996,0.4481744504904339,0.0343615260366102,0.03347700468250742,0.0007471639663539904,7.789178213858714e-05,0.1410436195143779
7.100127908355212e-13,0.33578172692942226,0.4466092167189719,0.03511020001469666,0.03416628593327358,0.0007880712020855558,8.447701829550161e-05,0.14746002218317605
7.456308352347116e-13,0.32960036553937105,0.4450858810968296,0.03582518539311835,0.03482195789592166,0.0008278368367962579,9.107446807291856e-05,0.1537476987698118
7.883665118708799e-13,0.3223813547167819,0.4433095510494526,0.036642116621526485,0.03556791761549153,0.0008739988440583166,9.897939787558486e-05,0.16112608175473506
8.311021885070482e-13,0.3153698107282278,0.4415853275961947,0.037417994594343834,0.036273128212928,0.0009184345509957941,0.00010684447328871071,0.16832845984394293
8.738378651432165e-13,0.30855761196175,0.43990947866643,0.0381561631608924,0.03694101887929718,0.0009611204917897104,0.00011464346923748012,0.17535996337052492
9.165735417793848e-13,0.3019370506786326,0.4382787004943232,0.03885955684717065,0.037574598780594964,0.0010020455304556224,0.00012235336886055962,0.182225694299884
9.59309218415553e-13,0.29550080876198065,0.4366900441794131,0.03953077308005159,0.03817653074049809,0.0010412088100879196,0.00012995407230538723,0.18893068035558494
1.0020448950517214e-12,0.2892419342546504,0.43514086182890066,0.04017212487769336,0.038749185233606216,0.0010786179860169064,0.00013742809235419914,0.19547984772669996
1.0568248190211536e-12,0.28146797190698164,0.43320900973423127,0.040953835820808124,0.03944377644735039,0.001124029125528778,0.00014679929061472602,0.20365457767440678
1.1116047429905857e-12,0.2739614649854233,0.4313336215884793,0.041693711051426635,0.0400976713618439,0.001166627223428678,0.00015591080292573611,0.21159099298639406
1.166384666960018e-12,0.2667100743559398,0.42951071266998836,0.042395134091007876,0.04071433221021509,0.0012064688764656108,0.0001647407881987958,0.21929853700810628
1.22116459092945e-12,0.2597022084408166,0.4277367289308193,0.04306109170633824,0.041296812720890294,0.001243620110116499,0.00017327179774970913,0.22678626629319104
1.2759445148988822e-12,0.25292696777354035,0.4260084835329761,0.04369423497264366,0.041847820851809506,0.0012781540927632032,0.00018149021095567586,0.23406284856523316
1.3307244388683144e-12,0.24637409385368156,0.42432310535214834,0.044296928570743375,0.042369769511370406,0.0013101492072390608,0.0001893857387418052,0.24113656776599718
1.401599975542525e-12,0.23821012607768616,0.42220193128170164,0.045034949152914464,0.04300544885546859,0.0013479118661742218,0.00019911030615976088,0.25000052245981685
1.4724755122167357e-12,0.23038269473406547,0.42014314169667416,0.04572959741914818,0.043600222931273816,0.0013817455206762285,0.00020827235261435694,0.25855432534546957
1.5433510488909464e-12,0.2228736295011385,0.41814225258932897,0.04638444795916681,0.044157723276612326,0.0014118368035101437,0.00021686784036168053,0.2668132420298033
1.614226585565157e-12,0.21566604130412104,0.4161952592850379,0.047002656268264546,0.04468114919956449,0.0014383730187330593,0.00022489758933178807,0.27479162333486895
1.6851021222393677e-12,0.20874421022326073,0.41429856723127195,0.04758702313784194,0.04517333410422745,0.0014615400804649235,0.0002323664064303517,0.2825029588164245
1.7559776589135783e-12,0.20209348405351715,0.41244893622729634,0.048140046042800644,0.0456367985168102,0.001481520876988399,0.0002392823449168289,0.2899599319375922
1.865183450650342e-12,0.19234534314129142,0.40968443659596226,0.048935890196162075,0.04629981715175389,0.0015064820371466653,0.0002488816583948283,0.30097914921921065
1.974389242387106e-12,0.1831626598277545,0.40701525822769835,0.0496697409890886,0.046907126355703425,0.0015249310276572695,0.0002572425916300402,0.31146304098038957
2.0835950341238697e-12,0.1745039062911342,0.4044331319581928,0.050347738764414854,0.04746485672561245,0.0015374637265353835,0.000264421522489282,0.3214484810115428
2.1928008258606335e-12,0.16633146087196726,0.40193082533318875,0.050975181302643745,0.047978270088298684,0.0015446405434682221,0.0002704801798612113,0.3309691416804939
2.3020066175973974e-12,0.15861115666241113,0.39950197304772217,0.05155667266202669,0.04845191322293182,0.0015469856212929852,0.0002754834364080832,0.34005581534712886
2.4112124093341612e-12,0.15131188487043118,0.3971409427317387,0.05209623900816143,0.048889737772478195,0.0015449867381414973,0.0002794975789961333,0.3487367112999746
2.5549178229282718e-12,0.1423007477786835,0.39412901429806035,0.05274828492821574,0.04941705438513104,0.0015364942271761293,0.00028338444272588316,0.35958501993992903
2.6986232365223823e-12,0.13391135719688202,0.391215878388108,0.05334083557121077,0.04989506497404962,0.001522199119889611,0.0002858221653455235,0.36982884258443627
2.842328650116493e-12,0.1260915546510203,0.3883928261463902,0.05387990646297995,0.05032952932852085,0.0015029449845673202,0.00028695430354144417,0.3795162841229016
2.9860340637106033e-12,0.1187946388411598,0.3856522528045764,0.054370694908883195,0.050725370098093484,0.0014794865251904843,0.0002869175797142419,0.38869063924230424
3.129739477304714e-12,0.11197866888984678,0.382987480456874,0.05481772219205665,0.05108682031238067,0.0014524969564891255,0.0002858408066535022,0.397390970385621
3.2734448908988244e-12,0.10560586010521526,0.3803926151480004,0.05522494589182927,0.051417540065006664,0.0014225749541300573,0.00028384429947248224,0.40565261953626774
3.45598698119325e-12,0.09809648449799557,0.3771891301344959,0.05569026140473727,0.05179828173683082,0.0013811661354687372,0.00028015657494522586,0.4155645195154482
3.638529071487675e-12,0.09118474477780525,0.3740806509005834,0.05610316865557656,0.05214013793188595,0.0013368251870413232,0.0002753727882843244,0.4248790997587449
3.821071161782101e-12,0.0848151925382676,0.3710590084596356,0.05646904043715456,0.052447853591289686,0.0012903605047724564,0.0002696798411849246,0.4336488646276168
4.003613252076527e-12,0.07893857766918258,0.3681170710367216,0.05679254275324767,0.05272547200482445,0.0012424588874973689,0.0002632441093650174,0.4419206335390829
4.186155342370953e-12,0.07351101524255202,0.36524858080235484,0.05707775301849825,0.052976457334455926,0.0011937011835261174,0.00025621281986286387,0.4497362795986717
4.368697432665379e-12,0.06849326903422895,0.36244802033513424,0.057328254724375936,0.053203792620401986,0.001144576088029217,0.0002487155849629158,0.4571333716127884
4.565752008046316e-12,0.06349613099611934,0.35949543800976497,0.05756335360697402,0.053425621724409025,0.0010916023947224538,0.00024022980472273404,0.4646876234632092
4.762806583427253e-12,0.058895971506013944,0.3566108882944632,0.05776520947493463,0.053625699377746645,0.0010391001668040168,0.0002314570427058328,0.47183167413725335
4.95986115880819e-12,0.05465734580698575,0.35378955704353043,0.05793693220964196,0.05380644700547828,0.0009874136011549701,0.00022250359461196316,0.47859980073851827
5.1569157341891266e-12,0.050748488341604135,0.3510271693613852,0.05808128135757759,0.05396996205314124,0.0009368184744770663,0.00021346007251227603,0.48502282033922417
5.3539703095700635e-12,0.04714085899473116,0.34831991479884195,0.058200715770264165,0.05411806832483985,0.0008875322460017416,0.0002044032502264862,0.49112850661501617
5.5510248849510004e-12,0.043808752777135626,0.3456643847866407,0.05829743442914606,0.05425235722767235,0.0008397229480241807,0.00019539766107830732,0.4969419501702243
5.796302059159541e-12,0.040011297492582025,0.3424266689676204,0.05838905001566279,0.054402294330417204,0.0007824643335941601,0.00018434020787199621,0.503803884652173
6.041579233368082e-12,0.03656493017244023,0.33925912388808227,0.05845189985933524,0.05453529554134718,0.0007278552939762478,0.0001735286049408848,0.5102873666397995
6.286856407576623e-12,0.03343424722269486,0.3361571218734505,0.058488966160292394,0.05465334740719938,0.0006759959682963544,0.0001630277025716281,0.5164272936654165
6.5321335817851634e-12,0.030587848480176264,0.3331165671658939,0.05850288559171018,0.054758153221714234,0.0006269315320459731,0.0001528863358020151,0.5222547276725787
6.777410755993704e-12,0.027997819963701834,0.3301338202739794,0.05849599705277128,0.054851178635235545,0.0005806635113226652,0.00014313992839538086,0.5277973806345154
7.022687930202245e-12,0.02563928692975276,0.32720563369721534,0.05847038223775839,0.05493368975985317,0.0005371591915622508,0.00013381285197776958,0.5330800353318017
7.303496344431849e-12,0.02319484524168968,0.3239165249330559,0.05842044609737002,0.055016649186125845,0.0004906688557469034,0.00012366863841488203,0.5388371970475182
7.584304758661453e-12,0.020995189449706148,0.3206912317151865,0.05835086778503492,0.055088678263927465,0.0004476025838350612,0.00011410451186644137,0.5443123256903649
7.865113172891058e-12,0.019014196611078896,0.3175262905673557,0.05826383196170243,0.05515098964617539,0.00040781589669822794,0.00010512117845351624,0.5495317541384571
8.145921587120662e-12,0.017228775852025594,0.3144186097088694,0.058161271341580494,0.055204623583562894,0.0003711478682970553,9.671134052859534e-05,0.5545188603050571
8.426730001350267e-12,0.015618477876718119,0.31136541695753067,0.05804490016864132,0.05525047613775971,0.0003374274102442232,8.88615907346239e-05,0.5592944398582925
8.707538415579871e-12,0.014165157164086483,0.30836421691393395,0.05791624120116482,0.055289321200953416,0.0003064784750235454,8.155391166424583e-05,0.5638770311330947
9.023984793626014e-12,0.012695446100374931,0.30504162861279466,0.05775821514138638,0.05532553294177236,0.00027470196876875735,7.394168379075175e-05,0.5688305335510336
9.340431171672157e-12,0.011384249490741382,0.3017792957477389,0.05758801943451213,0.05535452420888762,0.00024596994452956374,6.695678786687539e-05,0.5735809843856449
9.656877549718299e-12,0.010213637404219706,0.2985745946369674,0.05740716614570368,0.05537700639613023,0.00022003913117456895,6.0563101742059625e-05,0.5781469931839839
9.973323927764442e-12,0.009167835466168731,0.29542515197491304,0.057216987917131014,0.05539359225100375,0.00019667593541227777,5.472337529388063e-05,0.5825450330799986
1.0289770305810584e-11,0.008232945028521413,0.29232881138785544,0.05701866069290469,0.05540481156921804,0.0001756583977712062,4.940012558603442e-05,0.5867897127980647
1.0606216683856727e-11,0.007396701201936298,0.289283604271944,0.056813224063532126,0.05541112493843641,0.00015677742010428435,4.4556367435981453e-05,0.5908940117365321
1.0963098526413281e-11,0.00655845838720453,0.28590838190876733,0.056574152436406726,0.05541285887292289,0.00013780323379847804,3.962397119047901e-05,0.5953687211896307
1.1319980368969836e-11,0.005818283858293982,0.28259353507373836,0.056328363902872096,0.05540936253170269,0.00012103865703691606,3.520606489311211e-05,0.5996942099113841
1.167686221152639e-11,0.00516427060704728,0.2793368945469462,0.05607687053265084,0.0554010694067623,0.0001062461718818487,3.1255701345856355e-05,0.6038833930332869
1.2033744054082945e-11,0.004586024206643211,0.27613646625601856,0.05582055630367855,0.055388356623109564,9.320951943027819e-05,2.7728809791142914e-05,0.6079476582812499
1.23906258966395e-11,0.004074459968746762,0.272990408937131,0.055560193904972216,0.05537155399277095,8.173274799112958e-05,2.4584336689853644e-05,0.6118970661116192
1.2747507739196054e-11,0.0036216275682208142,0.269897015010121,0.05529645933975825,0.05535095157783139,7.16390881464857e-05,2.1784309539713123e-05,0.6157405231063036
1.3155193645938158e-11,0.0031673147741537464,0.2664256685382557,0.05499181001035507,0.05532309462858566,6.159809800014142e-05,1.8962552491280182e-05,0.6200115513980797
1.3562879552680262e-11,0.002771558705315575,0.26301876890498105,0.05468429673651337,0.055290950803722656,5.294462957314441e-05,1.6497463493795344e-05,0.6241649827563218
1.3970565459422366e-11,0.002426579725376674,0.25967426461151477,0.05437457909956881,0.05525481747166383,4.549360902328185e-05,1.434647159336786e-05,0.6282099190111805
1.437825136616447e-11,0.0021256688299036266,0.25639023995317556,0.05406322495922644,0.05521495824775001,3.908290208090894e-05,1.2471483454689957e-05,0.63215435362433
1.4785937272906573e-11,0.0018630344869014195,0.25316489929903907,0.05375072322660996,0.05517160813010594,3.357090615846455e-05,1.0838545517728898e-05,0.6360053254055887
1.5193623179648677e-11,0.0016336710420802453,0.2499965531883496,0.05343749532253216,0.05512497819066656,2.88342821864769e-05,9.41751671733905e-06,0.639769050457389
1.5623005489021258e-11,0.0014233184990291808,0.24671946409214782,0.05310721183821826,0.0550725299508845,2.4566223235631964e-05,8.120687620810702e-06,0.6436447887087854
1.605238779839384e-11,0.0012407081395207522,0.2435020676755836,0.05277689020387961,0.05501685674103657,2.0931309533334917e-05,7.0019604378741045e-06,0.6474355439699296
1.648177010776642e-11,0.001082084831734088,0.24034269619174672,0.052446842693824214,0.05495814213595336,1.7836588530995534e-05,6.037371651007764e-06,0.651146360186481
1.6911152417139e-11,0.0009442167508060277,0.23723976653414797,0.05211733649972028,0.05489655385222439,1.520236509666565e-05,5.206021758552512e-06,0.6547817179761675
1.734053472651158e-11,0.0008243199880858945,0.23419177186759052,0.05178860061078067,0.05483224628355097,1.2960417353236372e-05,4.489736688185777e-06,0.6583456110958719
1.7769917035884162e-11,0.0007199941691700938,0.23119727518832725,0.051460830874185355,0.054765361821919496,1.1052437663399864e-05,3.872732080262276e-06,0.6618416127765754
1.831876534606579e-11,0.0006060524322688231,0.22744534435025748,0.051043536927592885,0.05467632505914602,9.021549142704964e-06,3.207058530759904e-06,0.6662165126229826
1.886761365624742e-11,0.0005105263909353755,0.22377585324163154,0.05062838643723771,0.05458354718714635,7.368774145824036e-06,2.6571207991793636e-06,0.6704916608480255
1.9416461966429048e-11,0.0004303710594551863,0.22018621248042564,0.05021561955547585,0.05448726182980663,6.023289958263953e-06,2.202763555915606e-06,0.6746723090212439
1.9965310276610677e-11,0.0003630575979056935,0.2166739611973311,0.04980543203003946,0.05438768435143868,4.9274896735712364e-06,1.8272943969847718e-06,0.6787631100391358
2.0514158586792306e-11,0.0003064843104449229,0.2132367558156938,0.049397983001365865,0.054285014320449194,4.0345777005639235e-06,1.5169199949481483e-06,0.682768211054272
2.1063006896973934e-11,0.00025890170433223584,0.20987236040344548,0.04899340134933805,0.0541794373939852,3.3065520758719875e-06,1.2602518573576268e-06,0.6866913323448871
2.1670850404694044e-11,0.00021494245597872437,0.2062287195653161,0.0485488025203538,0.054059328792603244,2.6556065016259457e-06,1.0273673947178661e-06,0.6909445236917733
2.2278693912414154e-11,0.00017858872438708705,0.2026689929641573,0.0481079587627362,0.05393608671590095,2.135496601690327e-06,8.384318386232682e-07,0.6951053989042998
2.2886537420134264e-11,0.00014849772271256583,0.19919053745827747,0.04767095572567013,0.053809916004648274,1.719472270514078e-06,6.850177323272392e-07,0.6991776885986101
2.3494380927854373e-11,0.00012356930437396217,0.19579082869892162,0.04723785782579799,0.053681008151041806,1.3863285470770763e-06,5.603305253406221e-07,0.7031647893607136
2.4102224435574483e-11,0.00010290107431567388,0.19246745283868466,0.046808712092204136,0.05354954265444731,1.119250754246111e-06,4.5889433421050664e-07,0.7070698131951811
2.4710067943294593e-11,8.575146853514132e-05,0.18921809918055804,0.04638355126294608,0.05341568812388966,9.048845970803091e-07,3.7629068650085094e-07,0.710895628788709
2.5447984749498598e-11,6.879169199770936e-05,0.18536970837880618,0.04587279416631808,0.0532502069756141,7.003971120062265e-07,2.9624473594961757e-07,0.7154375021453375
2.6185901555702602e-11,5.524268411310198e-05,0.18162336922892353,0.04536795852022431,0.05308170416331735,5.432939834988654e-07,2.3368614653692939e-07,0.7198709484232131
2.6923818361906607e-11,4.4405828852398546e-05,0.17797548219603992,0.044869045669953984,0.052910427689252006,4.2234310343409225e-07,1.847067249576785e-07,0.724200031565995
2.7661735168110612e-11,3.572867325449809e-05,0.17442261870149603,0.04437604315107839,0.05273660916061115,3.2904067114541087e-07,1.4629223845044835e-07,0.728428524980572
2.8399651974314617e-11,2.877390280007398e-05,0.17096150988646117,0.043888927435611104,0.05256046523657935,2.56940093728431e-07,1.1611638920631887e-07,0.7325599504819869
2.9137568780518625e-11,2.3194324286683205e-05,0.16758903640174952,0.043407666143895025,0.05238219887739139,2.0112808314912013e-07,9.237598949700421e-08,0.7365976107485263
3.0075612138334294e-11,1.7659176272858833e-05,0.16342520963121834,0.0428042729065682,0.05215282023004627,1.4789888040233076e-07,6.932233137594702e-08,0.741599820834604
3.1013655496149964e-11,1.3465141808553028e-05,0.15939399678395527,0.04221018147601203,0.0519206824503352,1.0926619355907704e-07,5.225430844758686e-08,0.7464615126273085
3.1951698853965633e-11,1.028157355502018e-05,0.155489902594306,0.04162528599122682,0.05168612193881748,8.112223296218206e-08,3.9580577884793997e-08,0.7511882871992054
3.28897422117813e-11,7.861116195038073e-06,0.15170772846000563,0.04104947162744283,0.05144944980534477,6.055518915248591e-08,3.0145752631920074e-08,0.7557853982899915
3.382778556959697e-11,6.01859777559636e-06,0.1480425517542295,0.04048261683998927,0.05121095408549488,4.549597943737282e-08,2.3108548491683895e-08,0.7602577901179042
3.476582892741264e-11,4.614477534699097e-06,0.14448970684128312,0.039924595219259965,0.05097090175382528,3.4448596434634744e-08,1.7850986454699754e-08,0.7646101294084353
3.6014083240571935e-11,3.2488644859204984e-06,0.1399285452791421,0.03919550959831576,0.05064947399437995,2.4150325643504207e-08,1.2854758386829636e-08,0.7702231852585136
3.726233755373123e-11,2.2944434566837996e-06,0.13554866578724667,0.0384815223071412,0.050326261361416526,1.7275281791819056e-08,9.446342643345606e-09,0.7756412293790358
3.851059186689052e-11,1.6248459901348286e-06,0.13134089257340517,0.037782316211290135,0.050001748671069955,1.2645922732387774e-08,7.106024512981397e-09,0.7808733979462188
3.975884618004981e-11,1.1536234085922813e-06,0.12729664120790393,0.03709757239993985,0.04967637556235565,9.50811527981331e-09,5.497113933624992e-09,0.7859282422010843
4e-11,1.0800254279343066e-06,0.12653348151676808,0.03696692482855494,0.04961345091043698,9.028208188407793e-09,5.250340051616444e-09,0.7868850484401851
