time,CO*,H2O*,H*,OH*,COOH*,CO2*,*
0.0,0.5,0.5,0.0,0.0,0.0,0.0,0.0
5.097331414282619e-18,0.4999984689199687,0.4999998488510479,1.1898636193236204e-10,1.189863195679415e-10,4.2364420534999616e-17,7.237408590986885e-20,1.6819910106291578e-06
1.0194662828565238e-17,0.49999693784702376,0.49999969756483664,3.7552429093211017e-10,3.7552410825118893e-10,1.8268092119508364e-16,2.2841369158859278e-19,3.3638370909554324e-06
6.116797697139143e-17,0.49998162774134236,0.49999817262546126,1.504392922611849e-08,1.5043875264289125e-08,5.396182900870054e-14,9.151694125512516e-18,2.016954533779526e-05
1.121412911142176e-16,0.4999663183454763,0.49999663394837923,4.3479384739019655e-08,4.34791675915538e-08,2.1714746709117402e-13,2.6461856798782488e-17,3.6960747374950934e-05
2.648572476039515e-16,0.4999204553528382,0.49999194809235287,2.0481703805302506e-07,2.0481510498833618e-07,1.9330648580986865e-12,1.253560179147174e-16,8.718692073265004e-05
4.1757320409368536e-16,0.4998745986491895,0.49998714072788975,4.879241491171784e-07,4.879176751827687e-07,6.473936235542966e-12,3.0197177241116433e-16,0.00013728477462218846
5.702891605834192e-16,0.4998287483797957,0.4999822092116042,8.954509422055653e-07,8.95435581762423e-07,1.536045216119122e-11,5.651510824167801e-16,0.00018725150671511034
9.619710007245012e-16,0.4997111824390222,0.4999689911705431,2.5117245616545456e-06,2.5116519010156616e-06,7.266077745725363e-11,1.8327075533231146e-15,0.0003148029413094001
1.3536528408655832e-15,0.4995936590009717,0.49995495721900024,4.945698825657787e-06,4.9455028438480364e-06,1.9598254042600476e-10,4.47770311169838e-15,0.0004414923823715276
1.7453346810066653e-15,0.4994761779458838,0.4999401125794665,8.192160596911712e-06,8.191749599351757e-06,4.1100012287516643e-10,9.766752360154976e-15,0.0005673251534435701
2.6457155499356257e-15,0.49920627761725817,0.49990294532858387,1.8704901182208134e-05,1.870351132142029e-05,1.3898825376342913e-09,4.736172248341573e-14,0.0008533672517244698
3.5460964188645862e-15,0.4989365987731467,0.49986159344078024,3.341193471715413e-05,3.340863448955043e-05,3.3003199506179503e-09,1.6561726326971535e-13,0.0011349839163806235
4.446477287793547e-15,0.498667139670065,0.49981612703071787,5.224324793938785e-05,5.223679529692201e-05,6.452923535310706e-09,4.621346019137808e-13,0.001412246802595044
5.346858156722507e-15,0.49839789860418243,0.49976661540921075,7.5129628970056e-05,7.511847902969708e-05,1.115063790401838e-08,1.0959459349157493e-12,0.0016852267268731749
8.005344164773766e-15,0.49760418772460924,0.4995974783072274,0.00016571083670345415,0.00016567402768197204,3.6814530117202544e-08,8.101578935124488e-12,0.0024669122811476827
1.0663830172825025e-14,0.4968123223198944,0.49939543532235053,0.0002892870690627358,0.00028920132067132353,8.577067168317897e-08,3.191239460035023e-11,0.003213668165441613
1.3322316180876284e-14,0.4960222632391398,0.49916226445275835,0.0004440825703219286,0.0004439177373410106,1.6489822358214358e-07,9.176280665466355e-11,0.003927307010454495
1.598080218892754e-14,0.4952339735584625,0.49889977650454886,0.0006282886118181945,0.0006280081581217428,2.806106260122818e-07,2.1738950551611826e-10,0.004609672339014142
1.9111706358360768e-14,0.494307825366497,0.49855558267185995,0.0008804121094257678,0.0008799406644399973,4.7181748433882745e-07,5.076981711109805e-10,0.005375766862557931
2.2242610527793995e-14,0.49338403032436906,0.4981764452705777,0.0011676142652293968,0.001166884128303723,7.309084158102015e-07,1.0366931901329271e-09,0.006104294066369479
2.5373514697227222e-14,0.49246253969170534,0.4977656079873865,0.0014866538834604264,0.0014855894179253038,1.0659098530720009e-06,1.9171938857639504e-09,0.006798541192436794
2.850441886666045e-14,0.49154330910375094,0.4973264141903883,0.0018341897390364026,0.0018327083219221625,1.483917874499747e-06,3.2857384635851294e-09,0.007461891441255691
3.229187437008431e-14,0.49043427917556176,0.4967621088341823,0.002287805767522282,0.0022857009189685886,2.109320513801157e-06,5.820573444941597e-09,0.008227990162645606
3.607932987350817e-14,0.4893284357355888,0.49616743933626806,0.002771995532652604,0.0027691286620982187,2.8743067660412814e-06,9.62103124227715e-09,0.008960116805555713
3.986678537693203e-14,0.4882257259454871,0.4955485264644716,0.00328064002567347,0.003276865727484685,3.7859518378212996e-06,1.5043548542940933e-08,0.009664440841440525
4.365424088035589e-14,0.4871261059608626,0.49491135447668216,0.003807756054104687,0.0038029240258364077,4.849406784737085e-06,2.2472777203289135e-08,0.010346987602883941
4.744169638377975e-14,0.48602954046934915,0.4942616492828222,0.004347618131716003,0.0043415749738618765,6.067997073854989e-06,3.231376819319898e-08,0.011013516831338983
5.177872164291049e-14,0.4847775771699202,0.4935091593960167,0.0049745875496558815,0.00496696736800774,7.655929581639663e-06,4.708471951613312e-08,0.011764005502040329
5.611574690204123e-14,0.4835295544893154,0.49275453049853285,0.005603973761771507,0.005594573888429993,9.44921344948699e-06,6.620758536933602e-08,0.01250785194087193
6.045277216117197e-14,0.482285454383784,0.4920040890796972,0.006229448463263138,0.00621806874331913,1.144536135043125e-05,9.0323277029311e-08,0.013251403645270768
6.478979742030272e-14,0.4810452681120858,0.49126312785247744,0.006845716542727161,0.006832161155878315,1.3639900028175012e-05,1.200651129629212e-07,0.013999966371647013
6.912682267943346e-14,0.47980899441931163,0.49053588322843095,0.007448538758768001,0.0074326176386532465,1.6026761784103546e-05,1.5605188674449366e-07,0.014757783141115699
7.34638479385642e-14,0.4785766377810795,0.48982556161154345,0.008034705584565462,0.00801623545815973,1.8598663877470437e-05,1.9888228589061276e-07,0.015528062018434954
7.745831126806304e-14,0.4774450918800905,0.48918826722728953,0.008557885512025005,0.008536912016826572,2.1124121612640148e-05,2.448787586562222e-07,0.0162504743633403
8.145277459756187e-14,0.47631688454252175,0.48856835887209416,0.009063901003369871,0.009040281155263742,2.3792885537582527e-05,2.9759511265469476e-07,0.016986483946037894
8.54472379270607e-14,0.4751920255069337,0.48796641931095125,0.009552166665541123,0.009525763746241818,2.6597977543780274e-05,3.5743662386825126e-07,0.01773666935609359
8.944170125655954e-14,0.47407052481902523,0.48738258942846785,0.01002253903106731,0.009993222559848197,2.953237743408136e-05,4.24784253853014e-07,0.018501166999826825
9.343616458605837e-14,0.47295239222378177,0.4868166571561402,0.010475227663182473,0.010442873254223602,3.258915752801252e-05,4.999927881780813e-07,0.019279760552278095
1.0043865813576529e-13,0.4710004044768557,0.4858661528259692,0.011227719120552758,0.011189756537456906,3.8222909428325135e-05,6.517776235927922e-07,0.02067709235205027
1.0521033378572326e-13,0.46967623725899676,0.4852471102891931,0.011712196756143389,0.011670219147629347,4.224790521518762e-05,7.704164070928752e-07,0.021651218226355025
1.0998200943568123e-13,0.4683569173694864,0.4846495839908969,0.01217545069755708,0.012129311249942062,4.6411983804045485e-05,9.018673244784743e-07,0.022641422840926285
1.147536850856392e-13,0.46704245147724555,0.48407198657791517,0.01261906493512211,0.012568624781647683,5.0705805961061585e-05,1.0464793490588036e-06,0.023646119942694575
1.1952536073559717e-13,0.46573284329978487,0.48351272843297816,0.013044625929502623,0.012989753505014957,5.512076211506592e-05,1.2045378290308961e-06,0.0246637235327108
1.2429703638555514e-13,0.4644280936632801,0.4829702776135629,0.013453662657118904,0.013394233078307918,5.964896258232894e-05,1.3762656392357534e-06,0.025692707759445477
1.290687120355131e-13,0.46312820072083327,0.4824431953039496,0.01384761113507122,0.013783505634834181,6.428319198438636e-05,1.5618257220498527e-06,0.026731642187542596
1.336075871209519e-13,0.4618962301627203,0.4819548779968511,0.014209547604607785,0.01414088922252718,6.87836919596167e-05,1.7512670088907024e-06,0.027727920054262077
1.381464622063907e-13,0.4606686446262026,0.4814782234974702,0.01456007026824303,0.014486761066746678,7.336895220193883e-05,1.953368009190847e-06,0.028730978221062863
1.4268533729182948e-13,0.4594454369788793,0.48101228986544853,0.014900118983995358,0.014822065126985836,7.80342009032823e-05,2.1681364725562404e-06,0.029739886707251778
1.4722421237726827e-13,0.45822659864705073,0.4805562331253631,0.01523053572710093,0.01514764717610863,8.277505236594375e-05,2.39554442282952e-06,0.030753814727524545
1.5176308746270707e-13,0.4570121197980358,0.4801093010754918,0.015552070770915916,0.01546426101675116,8.75874649759582e-05,2.6355322709995878e-06,0.03177202434149502
1.578746629378987e-13,0.4553836969528851,0.4795207547783367,0.015972151138547247,0.015877584115162418,9.417385912081408e-05,2.9783917983554195e-06,0.033148660764085965
1.6398623841309036e-13,0.45376312876756786,0.4789461251683506,0.01637874760887366,0.016277279849974766,0.00010087490753661378,3.34361935759828e-06,0.034530500078275544
1.70097813888282e-13,0.45215038320888734,0.4783842016404109,0.016773066563665916,0.01666456142993732,0.00010768304039084524,3.7308729835467967e-06,0.03591637324366074
1.7620938936347365e-13,0.4505454261057534,0.4778339495153911,0.017156138604708493,0.01704046576734941,0.00011459134123379551,4.139764121094234e-06,0.037305288901379303
1.823209648386653e-13,0.44894822152298336,0.47729448108311756,0.017528847496985557,0.01740588248676576,0.00012159345498834886,4.569870147939083e-06,0.03869640408494794
1.8878281394177781e-13,0.4472678663632552,0.47673497709316875,0.017912487586183717,0.017781683135159213,0.00012909242054796432,5.047205085052998e-06,0.04016884619653689
1.9524466304489033e-13,0.4455960903306656,0.47618589243693665,0.01828616981801243,0.01814739890337747,0.00013668328341185385,5.5472120541836206e-06,0.04164221801547851
2.0170651214800285e-13,0.44393284655898596,0.4756465464492573,0.0186505706059446,0.018503711840541982,0.00014436006946638995,6.069338248370083e-06,0.043115895137492026
2.0816836125111537e-13,0.4422780871922987,0.4751163436050188,0.019006281345758196,0.018851218626922298,0.00015211720222786275,6.613029569487164e-06,0.04458933899814122
2.146302103542279e-13,0.4406317635688838,0.47459475906947807,0.019353822857996875,0.01919044504980456,0.00015994945658099385,7.177736028627703e-06,0.04606208226116372
2.2109205945734042e-13,0.4389938263870993,0.47408132583746565,0.019693658241828005,0.019521858888070502,0.00016785191712893378,7.762916194914272e-06,0.04753371581214935
2.3036723355601695e-13,0.4366573313092557,0.4733577748784299,0.020168801758825176,0.019984737055247715,0.0001793083877501212,8.637595465413808e-06,0.04964340901496268
2.396424076546935e-13,0.434337863502895,0.47264906396982737,0.02063000368863298,0.020433475589931274,0.00019088714612865726,9.551848178484564e-06,0.05174915425434286
2.4891758175337003e-13,0.4320352732135296,0.47195423336450193,0.02107821323940738,0.02086903503011984,0.0002025762693523655,1.0504215294287928e-05,0.05385016466773126
2.5819275585204657e-13,0.4297494099711127,0.4712724383796462,0.021514264896135362,0.02129226038861464,0.00021436465658738592,1.14932968190829e-05,0.05594576841102138
2.674679299507231e-13,0.427480122946308,0.47060292859621333,0.021938899193700682,0.02170390200957065,0.0002262419414987014,1.2517750226626327e-05,0.05803538756241888
2.7674310404939964e-13,0.4252272612557216,0.4699450308356359,0.02235277971488043,0.02210463264070118,0.0002381984166520167,1.3576287917382266e-05,0.06011852084842827
2.882749085835107e-13,0.4224489617146785,0.46914235106054464,0.02285325618556141,0.022588553531015448,0.00025316063063864064,1.4938037069206915e-05,0.06269877884042883
2.9980671311762173e-13,0.41969553063481224,0.46835563818442166,0.023339060610701654,0.023057587965173147,0.00026821487673821487,1.63482856911264e-05,0.06526761944239858
3.1133851765173277e-13,0.4169666806919637,0.46758395891562377,0.02381110940390133,0.02351266661625387,0.0002833459985701036,1.780485233095478e-05,0.06782443352129312
3.228703221858438e-13,0.4142621263538796,0.4668264769288357,0.02427022250008814,0.02395462267740777,0.0002985399130898542,1.9305643151200366e-05,0.07036870598348446
3.3440212671995485e-13,0.41158158420728996,0.46608243739542454,0.02471713878714051,0.024384207395536293,0.00031378351298890156,2.0848644292848088e-05,0.07290000005726373
3.459339312540659e-13,0.40892477322727355,0.46535115522857456,0.025152527826895445,0.024802101881856928,0.00032906458166061253,2.243191475392081e-05,0.07541794533892164
3.6032273039853584e-13,0.40564259572561673,0.46445564662962124,0.025680538097871988,0.025308071138663343,0.000348166833864691,2.446106954610224e-05,0.07854052050475263
3.7471152954300577e-13,0.40239639669848126,0.463577935417023,0.026192613960386715,0.02579788860319651,0.0003672892151065388,2.654649681172973e-05,0.0816413296089309
3.891003286874757e-13,0.39918564849676486,0.46271703508549195,0.02668971410580269,0.026272531096331604,0.0003864128624527797,2.8684826881519126e-05,0.0847199735262113
4.0348912783194565e-13,0.3960098308952125,0.4618720538115202,0.027172703301422813,0.026732880216039295,0.00040552041461198605,3.087282052165364e-05,0.08777613854060816
4.178779269764156e-13,0.3928684313214338,0.46104218138896463,0.02764236540699628,0.027179735481543014,0.0004245958783003784,3.310736167778779e-05,0.09080958316102081
4.3226672612088553e-13,0.38976094502440306,0.4602266786735873,0.02809941388735723,0.027613824958612053,0.0004436245094756159,3.538545080758012e-05,0.09382012749569378
4.4984739199605167e-13,0.38600943374405694,0.4592487958547727,0.028641673733620622,0.028127846076950413,0.0004667909562902965,3.8223796630588464e-05,0.09746723583761518
4.674280578712178e-13,0.3823069193220056,0.4582902333747498,0.029167152994759405,0.028624902877911584,0.0004898445543405576,4.111779563996462e-05,0.10107982908052966
4.85008723746384e-13,0.3786525296460434,0.45734997186185145,0.029676827807931842,0.029105992867184488,0.000512764722809297,4.406262204704157e-05,0.10465785047206902
5.025893896215502e-13,0.3750454104561242,0.4564270836963741,0.03017158374270251,0.02957202140244769,0.0005355328019209857,4.705366742721746e-05,0.10820131423293994
5.201700554967164e-13,0.3714847252453189,0.45552072120154086,0.030652227548039875,0.030023813592623724,0.0005581318780958351,5.008653135073497e-05,0.11171029400296661
5.377507213718826e-13,0.36796965510768703,0.4546301067440516,0.031119496995481156,0.030462124276027857,0.0005805466273332198,5.31570125174156e-05,0.11518491323683835
5.602521696035535e-13,0.3635360026128346,0.45351205305985604,0.03169911389412677,0.031004545820582697,0.0006089442938531117,5.7135421242058034e-05,0.11958220489744145
5.827536178352244e-13,0.35917412281369404,0.452417257967906,0.03225921792091399,0.03152733569328774,0.0006369914468372445,6.116092584182796e-05,0.12392391323145578
6.052550660668953e-13,0.3548824212465336,0.4513444778203907,0.032800976041745346,0.03203168908373943,0.0006646653193889547,6.522601939503315e-05,0.12821054446874366
6.277565142985662e-13,0.35065934750900324,0.45029258005387174,0.03332544647353222,0.032518690131186266,0.0006919460059973858,6.932363767624835e-05,0.13244266618866948
6.502579625302371e-13,0.34650339417620735,0.44926052891955315,0.03383359283908823,0.03298932631204224,0.0007188161728766278,7.344713681316887e-05,0.1366208944433558
6.72759410761908e-13,0.3424130956856196,0.44824737373531426,0.03432629580890664,0.033444500288132936,0.0007452607996434471,7.75902713664456e-05,0.1407458834109533
7.028105428507763e-13,0.33705034883317675,0.4469222466522584,0.034961615471143744,0.03402970488100992,0.0007798923231971825,8.31440116128252e-05,0.14617304782753787
7.328616749396447e-13,0.3317988835486277,0.4456273668857701,0.03557256815391003,0.034590589184507914,0.0008137163427015895,8.870936221243942e-05,0.1515081665222069
7.629128070285131e-13,0.32665553627844834,0.444361015312671,0.03616072213579266,0.03512876140271415,0.0008467124361060988,9.42743966476096e-05,0.15675297803755675
7.929639391173815e-13,0.3216172595938417,0.44312163161219215,0.036727492378695034,0.03564567263151803,0.000878864778389952,9.982817902369644e-05,0.16190925082627622
8.230150712062499e-13,0.3166811174585344,0.4419077933827946,0.03727416112780502,0.036142637879627536,0.000910161577647165,0.00010536069669720072,0.16697876787683064
8.530662032951182e-13,0.3118442806280383,0.44071819900910897,0.03780189478117802,0.036620853309033675,0.0009405945773310047,0.0001108627957835492,0.1719633148994631
8.907591250037473e-13,0.3059136931834806,0.43925855140147957,0.03843868083628567,0.03719583223483593,0.0009775376333505652,0.00011770829602530363,0.17809799641447907
9.284520467123764e-13,0.30012989092544723,0.43783302119111067,0.03904924883800809,0.03774497518143448,0.0010131096078545762,0.00012447800495553048,0.18410527625112616
9.661449684210055e-13,0.29448793943616397,0.4364396591218263,0.0396353108148523,0.03827003712474835,0.0010473120153949031,0.00013115875555024043,0.18998858273140048
1.0038378901296345e-12,0.28898312197804993,0.4350766917799964,0.04019841281356619,0.038772602449338445,0.0010801512438974102,0.00013773891779650873,0.19575128081729162
1.0415308118382636e-12,0.28361092799455206,0.43374249928716846,0.04073995667035326,0.039254107251099374,0.0011116378111559186,0.00014420826498234474,0.20139666272062506
1.0792237335468926e-12,0.27836704221387004,0.4324355968930352,0.04126121791810202,0.03971585770979037,0.001141785716643748,0.00015055784926214087,0.206927941699233
1.1225248928050459e-12,0.272495953889138,0.43096616335605564,0.04183650587151743,0.040223467812305895,0.001174789066355096,0.00015769432701604548,0.21314542567754843
1.1658260520631991e-12,0.2667827736165404,0.4295290490559833,0.042388166043809024,0.040708220336088494,0.0012060777899749998,0.00016465244141636615,0.21922106071612377
1.2091272113213524e-12,0.26122181115472287,0.4281225184660898,0.04291765536195748,0.04117160473598611,0.0012356849331706834,0.00017142377665000803,0.22515930157135972
1.2524283705795056e-12,0.2558076464716704,0.42674497947936507,0.043426299636199116,0.041614975427930044,0.0012636463100531511,0.00017800141135510992,0.23096445126336354
1.2957295298376589e-12,0.2505351139034792,0.42539496700384144,0.04391530928528665,0.04203956794961383,0.0012899999137078483,0.00018437976442100062,0.23664066217958643
1.3390306890958121e-12,0.24539928732763883,0.4240711290805848,0.04438579258476459,0.04244651258952309,0.0013147854094639473,0.0001905544547070848,0.24219193855325422
1.4036239529066041e-12,0.23798202020095827,0.4221422957860821,0.045055370625422676,0.04302298217330927,0.0013489329495672965,0.0001993799812880953,0.25024901828330887
1.468217216717396e-12,0.23084381053198208,0.42026515892935773,0.045689020289832065,0.04356557416706125,0.0013798214995644068,0.00020773806331295436,0.2580488765188259
1.532810480528188e-12,0.22397089036480897,0.41843631937983505,0.04628945166518531,0.044077041877442,0.0014075923822390744,0.00021562560026233034,0.2656030787301639
1.59740374433898e-12,0.2173503800931426,0.4166527115588414,0.04685908303082337,0.04455983768151307,0.0014323874435802314,0.0002230428741640832,0.2729225573178718
1.661997008149772e-12,0.21097021736153426,0.414911559100648,0.047400082145685224,0.045016155539341914,0.0014543477367835339,0.00022999299854115874,0.28001764511740235
1.726590271960564e-12,0.20481909210306545,0.4132103383813068,0.047914399916281505,0.045447965717829164,0.0014736124590167797,0.00023648143812866375,0.2868981099843081
1.7988731874181263e-12,0.1981941889937802,0.41135110767603217,0.0484604768049942,0.04590430625865714,0.001492142759233457,0.00024320410123293142,0.29435457340600646
1.8711561028756886e-12,0.1918288923808248,0.4095360687776982,0.04897757025765226,0.04633441315457624,0.0015076547656502294,0.00024937063602262785,0.30156603002751214
1.943439018333251e-12,0.1857101900012691,0.4077625541245409,0.0494676826972742,0.046740292914704405,0.0015203289699127155,0.0002549957161852424,0.3085439555760498
2.0157219337908132e-12,0.17982591371566614,0.40602813244029695,0.049932621790103965,0.04712375117283641,0.0015303394622095034,0.00026009554310584226,0.3152991458757175
2.0880048492483755e-12,0.17416467101787628,0.4043305809972098,0.050374025097202214,0.0474864181474213,0.0015378535867280353,0.0002646874698613349,0.32184176368363726
2.160287764705938e-12,0.1687157828481052,0.40266786207651617,0.050793380788802175,0.047829770055556456,0.0015430317276603274,0.00026878968406201235,0.32818138281923404
2.2470949246917297e-12,0.16243857518785207,0.40071444699909736,0.05126976645355041,0.04821846857212027,0.0015463788683295631,0.00027309546288231017,0.3355392684561044
2.3339020846775216e-12,0.15643700384267847,0.398805609195638,0.05171843404127719,0.048583332572822484,0.0015468299157253584,0.0002767551470205441,0.3426320352847744
2.4207092446633135e-12,0.15069600639115008,0.396938651475222,0.052141302718583894,0.048926240825202236,0.0015446226108572947,0.0002798021318989065,0.34947337384702193
2.5075164046491054e-12,0.14520156809715223,0.39511111413290884,0.05254010789210798,0.049248883100516234,0.0015399806223247458,0.0002822697342515389,0.3560760764206748
2.5943235646348973e-12,0.13994063117582026,0.39332074776643233,0.05291642403421544,0.04955278381424338,0.0015331139924766857,0.00028419090114892423,0.3624521083155994
2.681130724620689e-12,0.13490101286846662,0.3915654900295482,0.05327168396346583,0.049839322011346006,0.0015242196353328046,0.00028559798283331436,0.3686126735089436
2.781755944027429e-12,0.12932119126471206,0.3895722750489555,0.053658861278896,0.050151385724936666,0.0015116141836646654,0.0002866272704145154,0.37549804522835706
2.8823811634341688e-12,0.12400699427530702,0.3876209914773494,0.054021350234051704,0.05044355487573762,0.0014967983481450112,0.00028705583286517584,0.38212325495648053
2.9830063828409086e-12,0.11894313023978724,0.38570917499343726,0.054360827627616445,0.050717409654200726,0.0014800187601883552,0.000286929492793615,0.388502509231913
3.0836316022476484e-12,0.1141154052007194,0.3838345730413729,0.05467881647570348,0.05097437354966023,0.0014615028975580547,0.0002862921101697473,0.3946490367247527
3.1842568216543882e-12,0.10951062541684392,0.38199512157810533,0.05497670428538571,0.05121573232361736,0.001441460299210789,0.0002851854968450352,0.40057517059992825
3.284882041061128e-12,0.10511650966467162,0.3801889249606493,0.05525575865615086,0.05144265021468094,0.001420083734756136,0.0002836493751090741,0.4062924233939183
3.4001604590782492e-12,0.1003267151657312,0.3781583367187381,0.05555379414948615,0.05168622098749177,0.0013941823627021408,0.00028141006884828,0.41259934054693886
3.5154388770953704e-12,0.09578242376513246,0.3761667023166441,0.055830226459017356,0.05191365840256142,0.0013670051640720705,0.00027870957951598043,0.418661274312993
3.6307172951124916e-12,0.09146884318168254,0.37421182314398427,0.05608650574624834,0.05212625419845625,0.0013387720282416868,0.0002755976130720272,0.42449220408825117
3.745995713129613e-12,0.08737226640103955,0.3722916856529602,0.05632395503444811,0.052325173245738564,0.001309681651339947,0.0002721204678871729,0.43010511754652286
3.861274131146734e-12,0.08347997424335264,0.3704044417215503,0.05654378461664642,0.05251146849791802,0.0012799132846162999,0.00026832115870638015,0.43551209647714634
3.9765525491638544e-12,0.07978014785425055,0.3685483915281102,0.056747104461170636,0.052686093856710636,0.0012496283571174446,0.0002642395583932915,0.44072439438418365
4.10838006802299e-12,0.07577099026232112,0.366462117298609,0.05696068408028021,0.052872593369393456,0.0012145483356773665,0.0002592732588178927,0.4464597933948372
4.240207586882126e-12,0.07198392455183139,0.36441244001873707,0.057155403490492536,0.05304613230170956,0.00117917528455,0.0002540365604595799,0.4519688877921562
4.372035105741262e-12,0.06840487087259167,0.36239739152211886,0.05733253940375406,0.05320776358583127,0.0011436793928812214,0.0002485755467142809,0.457265179676045
4.503862624600398e-12,0.06502080848100758,0.36041516743433966,0.05749326047545719,0.05335843643150044,0.0011082100635686344,0.00024293205862051668,0.46236118505544244
4.635690143459534e-12,0.061819679766752886,0.35846411015984203,0.05763863900704901,0.05349900836732023,0.0010728979711962336,0.00023714398960956686,0.4672685207381663
4.76751766231867e-12,0.058790304109033874,0.3565426939548817,0.057769661098028655,0.05363025566003006,0.0010378569353010464,0.00023124557320423208,0.4719979826694568
4.918388825309405e-12,0.05552075451984257,0.35437828096410656,0.05790315886406242,0.05376992276028703,0.000998212775673978,0.00022439919608634068,0.47720527091987747
5.0692599883001395e-12,0.05244820278768336,0.3522489142838464,0.058020291693224375,0.05389924927946405,0.0009591785660088326,0.00021748982939532975,0.48220667356031394
5.220131151290874e-12,0.04955939336319701,0.35015282014484683,0.05812220422939348,0.05401909084690525,0.0009208598187506917,0.00021055383802689938,0.48701507775881625
5.371002314281609e-12,0.04684210109033852,0.3480883717500153,0.058209946060065215,0.05413021743611253,0.0008833437956939403,0.00020362314871697948,0.4916423967189939
5.521873477272343e-12,0.04428503662038335,0.3460540741310832,0.05828448159876538,0.05423332329665221,0.0008467016699207629,0.0001967256638633645,0.496099657019268
5.672744640263078e-12,0.041877761552449023,0.3440485508110777,0.05834669871501117,0.05432903557704212,0.0008109904635482557,0.0001898856471515864,0.5003970772336565
5.845540277182984e-12,0.03929227323350881,0.3417853060133986,0.05840387526924411,0.05443030184079568,0.000771290305349482,0.00018214912345020353,0.5051348042141894
6.01833591410289e-12,0.036877237674013415,0.33955639056292325,0.05844709552385404,0.0545233799771884,0.0007329190074938084,0.0001745421802587273,0.5096884350742046
6.1911315510227965e-12,0.034620371340854245,0.3373601992574426,0.05847739394479887,0.0546089575293508,0.0006959100984569325,0.00016708708490418715,0.5140700807441287
6.363927187942703e-12,0.03251038701666309,0.3351952594457811,0.05849571890659979,0.05468765134712652,0.0006602833441961581,0.00015980210910083236,0.5182908978304687
6.536722824862609e-12,0.030536900567388885,0.3330602173250255,0.05850294135469363,0.054760015885479824,0.0006260467973827418,0.0001527020002626129,0.5223611760697031
6.709518461782515e-12,0.028690347350028827,0.3309538258473848,0.058499862417817065,0.054826550419329455,0.0005931986025789548,0.00014579840871551186,0.5262904169540819
6.907540068346494e-12,0.02671896337487272,0.32857367798500126,0.05848461589343699,0.05489620796634227,0.0005572486587874276,0.00013814002803631906,0.5306311460934594
7.105561674910473e-12,0.02489053626064166,0.32622805506731467,0.05845782685025829,0.05495940718536935,0.0005230819391801954,0.00013076102932236064,0.5348103316678497
7.30358328147445e-12,0.0231939361883062,0.3239154973606682,0.05842042572023984,0.055016690613055766,0.0004906623169844401,0.000123667562945412,0.5388391202377364
7.501604888038428e-12,0.021618985606928213,0.3216346643509556,0.05837326337380014,0.055068543131533504,0.00045994595264724924,0.00011686279882833452,0.5427277347852433
7.699626494602405e-12,0.020156367560184445,0.3193843222654537,0.05831711899178178,0.05511539891242661,0.0004308829979525386,0.00011034738647694878,0.5464855618856601
7.897648101166382e-12,0.01879754358321958,0.317163333056699,0.05825270702379472,0.05515764745052834,0.0004034190587383312,0.00010411986160532156,0.5501212299653511
8.124692052396461e-12,0.017357217166134923,0.3146515994519565,0.058169524729654566,0.05520086849293712,0.0003738230666297346,9.732965308945097e-05,0.5541496374395339
8.35173600362654e-12,0.016032287450683618,0.31217561182939635,0.05807723737593763,0.05523896342172544,0.00034616263767535594,9.090643067485143e-05,0.5580388308538431
8.57877995485662e-12,0.014812970637708348,0.30973402821425045,0.05797666579792036,0.05527235127776638,0.0003203449832019299,8.484102936046441e-05,0.5617987980597284
8.805823906086698e-12,0.013690376069492739,0.30732561297101024,0.05786855682187939,0.055301405161611555,0.00029627644946715495,7.912273297591075e-05,0.5654386497934992
9.032867857316777e-12,0.01265641671818132,0.3049492254844705,0.05775359064599725,0.055326457976447044,0.00027386364601959167,7.373965409235123e-05,0.5689667058747283
9.259911808546856e-12,0.011703729185112968,0.30260381017177496,0.057632387398798626,0.05534780741249802,0.00025301436563912003,6.867905684288662e-05,0.5723905724092699
9.498662833304312e-12,0.010782229687203632,0.30016979354251855,0.05749882693075664,0.0553665552436335,0.000232677505663846,6.369076051094658e-05,0.5758862263296493
9.737413858061768e-12,0.00993608332624757,0.2977678861653866,0.057359594399539644,0.055381780486601126,0.00021386765313631092,5.9028440822406327e-05,0.5792817595282027
9.976164882819225e-12,0.009158838125834479,0.295397106147857,0.05721523521256884,0.055393731830068384,0.0001964862671449119,5.4676007009496976e-05,0.5825839264094533
1.021491590757668e-11,0.008444627658763226,0.29305653918573105,0.05706624586643719,0.05540263237459711,0.00018043871962883116,5.0617367619472935e-05,0.5857988988271595
1.0453666932334137e-11,0.0077881137651207065,0.29074533180505174,0.056913078637568365,0.055408682734337675,0.0001656345661373186,4.6836589215573654e-05,0.5889323219025048
1.0692417957091593e-11,0.007184435310213703,0.2884626853859268,0.05675614577885721,0.05541206373018306,0.00015198771625215917,4.3318024232721265e-05,0.5919893640542706
1.0963127896902034e-11,0.0065582859540381,0.28590809369485304,0.05657412432562547,0.05541287381256637,0.00013781115576885444,3.9626411088520006e-05,0.5953691846459962
1.1233837836712474e-11,0.0059885269561139,0.2833882369156078,0.05638824122808663,0.055410675950877904,0.00012490551905520469,3.623077964306743e-05,0.5986631826505519
1.1504547776522915e-11,0.005469881557057737,0.2809021590776973,0.05619894495201414,0.055405662275424185,0.00011316599278925873,3.311047969730751e-05,0.6018770756652565
1.1775257716333356e-11,0.004997590299056695,0.2784489640109349,0.05600664018615769,0.05539800552503812,0.00010249488601415032,3.0245802826692772e-05,0.605016059289908
1.2045967656143797e-11,0.00456735738487815,0.2760278094021072,0.05581169229612241,0.05538786148255431,9.28014086522622e-05,2.7618028885299902e-05,0.6080848599967364
1.2316677595954238e-11,0.0041753027263625505,0.2736379015381028,0.055614431307779016,0.055375371081875464,8.400140695694609e-05,2.520945167144903e-05,0.611087782487188
1.2626640278374685e-11,0.0037687854900802144,0.27093886689240193,0.05538610966644522,0.055358352323455956,7.492270907963619e-05,2.2699374946334367e-05,0.6144502635435269
1.2936602960795132e-11,0.0034030066046943663,0.26827875428468423,0.05515554745634014,0.055338598410747855,6.680638251538992e-05,2.0431412016052885e-05,0.6177368554489382
1.3246565643215579e-11,0.003073748503045381,0.2656565636423534,0.054923102956943554,0.0553162659528448,5.955491837037651e-05,1.8383847973161798e-05,0.6209523801784055
1.3556528325636026e-11,0.002777247177396318,0.2630713503674839,0.05468909563433282,0.05529149671058609,5.307980013311569e-05,1.653661277294519e-05,0.6241011936972308
1.3866491008056473e-11,0.0025101412415302286,0.26052221996691877,0.054453810454401945,0.05526441951221365,4.730084172770187e-05,1.4871212758512518e-05,0.6271872367703855
1.417645369047692e-11,0.0022694267037235293,0.25800832331783913,0.05421750171283954,0.05523515189636009,4.214554347459996e-05,1.3370653804479203e-05,0.6302140801718947
1.4531096264547902e-11,0.0020229464328900323,0.2551742396582939,0.053946165149211946,0.05519911665496427,3.692829964910008e-05,1.1836027128815982e-05,0.633608767777798
1.4885738838618884e-11,0.0018039343589577978,0.25238407308721894,0.05367408630593758,0.05516050202919788,3.235433720129408e-05,1.0475634109573491e-05,0.6369345742473129
1.5240381412689866e-11,0.0016092416238200488,0.24963673173886125,0.05340152997505843,0.05511944250452422,2.8345947522546837e-05,9.27037266863006e-06,0.640195437837481
1.5595023986760848e-11,0.0014360920619555957,0.2469311765570086,0.0531287289085449,0.05507606133150785,2.483438557104391e-05,8.203078001777046e-06,0.6433949036773462
1.594966656083183e-11,0.0012820365441716217,0.24426641655634024,0.05285588773780067,0.0550304719463012,2.1758931368503636e-05,7.258359283489769e-06,0.6465361699246702
1.6304309134902812e-11,0.001144912828591805,0.24164150464774692,0.05258318641652493,0.05498277918097004,1.9066028412349056e-05,6.422442735764958e-06,0.6496221284549543
1.6794138677317753e-11,0.0009798632046642626,0.23807985078664137,0.05220705329038187,0.05491362645027831,1.5889291955616102e-05,5.424238362713571e-06,0.6537982927376519
1.7283968219732694e-11,0.0008391499077344327,0.2345902153476514,0.051831844698095667,0.05484088133820872,1.3246252403188998e-05,4.581986387626281e-06,0.6578800804694551
1.7773797762147636e-11,0.0007190957704176647,0.2311704443270231,0.051457861087170896,0.05476475870220025,1.1047440827365636e-05,3.8715437474706925e-06,0.6618729211285495
1.8263627304562577e-11,0.0006165942088997926,0.22781849301260212,0.051085353944723084,0.05468545553037586,9.21814487714514e-06,3.2723938336987863e-06,0.6657816127646247
1.8753456846977518e-11,0.000529019037817258,0.22453241592503576,0.05071453357560603,0.05460315335581252,7.69607936430123e-06,2.7671421808994777e-06,0.6696104148841194
1.924328638939246e-11,0.0004541472887115509,0.22131035804642835,0.0503455756952376,0.054518020255758956,6.429376167357018e-06,2.3410644226730594e-06,0.6733631282732095
1.9829571361782455e-11,0.0003786161381138633,0.21753551705419472,0.04990661631259236,0.054412619267583714,5.189059318564973e-06,1.9178868255978874e-06,0.6777595242813074
2.041585633417245e-11,0.00031589970527202884,0.21384695993994624,0.04947073978884056,0.054303634505079766,4.19260453391958e-06,1.57265305950122e-06,0.6820570008032043
2.1002141306562447e-11,0.00026377636142198486,0.21024193386123421,0.0490381107946141,0.05419129574981747,3.3914904877219825e-06,1.290870502404211e-06,0.6862602008718582
2.1588426278952444e-11,0.00022041907553478808,0.20671781729111455,0.0486088600611409,0.054075816330250374,2.746899284577499e-06,1.0607426043424146e-06,0.6903732796000067
2.217471125134244e-11,0.00018432399178262506,0.20327210971989618,0.04818309042398973,0.05395739498219714,2.22780056930099e-06,8.726788721370819e-07,0.6943999804026292
2.2760996223732436e-11,0.00015425088925427878,0.19990242255492505,0.047760881829179126,0.053836217416733737,1.809374750086141e-06,7.188797091293573e-07,0.698343699055385
2.3473212513917117e-11,0.00012435838030926244,0.19590792364938908,0.047252862033035595,0.05368555363873932,1.4082221167380508e-06,5.691028627546542e-07,0.7030273249734835
2.41854288041018e-11,0.00010036148061770154,0.1920183399358198,0.04675026567702405,0.05353136971201913,1.0986448029642854e-06,4.5153875817153203e-07,0.7075981130108946
2.489764509428648e-11,8.107469204838227e-05,0.18822996188968516,0.046253144631003086,0.05337393604234876,8.593065207318444e-07,3.5911322228262173e-07,0.7120606643251078
2.560986138447116e-11,6.555631086070722e-05,0.18453926068030155,0.04576152892644158,0.053213504537584985,6.739383752766976e-07,2.8634175399534393e-07,0.7164191892646185
2.6322077674655842e-11,5.305751013978308e-05,0.18094287549866475,0.04527543100523503,0.05305031032084775,5.301325622483099e-07,2.2896699151294487e-07,0.7206775665654954
2.7034293964840523e-11,4.2981056557270356e-05,0.177437602094127,0.044794849223501354,0.05288457326119273,4.183852182630408e-07,1.8367187679831442e-07,0.7248393923074629
2.7929238215838086e-11,3.3030327290224965e-05,0.1731574890803244,0.04419876770838091,0.05267302482501974,3.1238930943445563e-07,1.3996493979718375e-07,0.7299372357046718
2.882418246683565e-11,2.541964594239268e-05,0.16901065678793256,0.04361132858495472,0.052458165718375145,2.3480910927605748e-07,1.0736391550496728e-07,0.7348940870897067
2.971912671783321e-11,1.958869831660931e-05,0.16499165882270858,0.04303246805442239,0.052240347312931215,1.7783423115059377e-07,8.297964662592236e-08,0.7397156762976798
3.061407096883078e-11,1.511433398090664e-05,0.1610953419707234,0.04246210842790084,0.05201989485803103,1.3586918431379489e-07,6.470126289514813e-08,0.744407339838853
3.150901521982834e-11,1.1676704193682073e-05,0.1573168253898962,0.04190016131268468,0.05179710983010752,1.0489244801779954e-07,5.0982329954206996e-08,0.7489740708882765
3.240395947082591e-11,9.032605215388961e-06,0.1536514816760502,0.04134653013902329,0.0515722719784083,8.197658717041951e-08,4.067458286236007e-08,0.7534205609500692
3.357769310548358e-11,6.464465266696719e-06,0.14900855416852013,0.04063286657120107,0.05127471426997534,6.065964845220963e-08,3.093250781457167e-08,0.7590773089328169
3.475142674014125e-11,4.638126050336534e-06,0.14454342641258214,0.03993308578764701,0.050974609691912635,4.618744452443557e-08,2.4214924625394052e-08,0.7645441695793753
3.592516037479892e-11,3.3350496268258072e-06,0.14024736123912937,0.039246934218519255,0.05067244862763506,3.628797796545073e-08,1.956567289925626e-08,0.7698298650113753
3.709889400945659e-11,2.402796481375355e-06,0.13611217213404955,0.0385741519831014,0.05036867767703469,2.9479191426227744e-08,1.6348580088970248e-08,0.7749425495814983
3.827262764411426e-11,1.7350703612270176e-06,0.13213017957713596,0.03791447555377421,0.05006370388077576,2.478372561927161e-08,1.4134602900540921e-08,0.7798898669995611
3.944636127877193e-11,1.2564712377550294e-06,0.12829417136413504,0.03726763983542677,0.04975789844110248,2.15306820848716e-08,1.2620999247087892e-08,0.7846789997363534
4e-11,1.0798338201927018e-06,0.1265334787861602,0.036966914768499004,0.049613462319267825,2.0350953252124683e-08,1.2082773412251536e-08,0.7868850318584629
