time,CO*,O*,O2*,*
0.0,0.0,0.0,0.0,1.0
2.5133997214292567e-07,1.2617266601496747e-12,2.4088132140003157e-12,4.430589641397206e-15,0.9999999999963249
5.026799442858513e-07,2.5234533202903075e-12,4.827790913760786e-12,3.777982957407394e-15,0.999999999992645
3.0160796657151076e-06,1.514071992090037e-11,2.900454044516163e-11,3.766870627634809e-15,0.999999999955851
5.529479387144364e-06,2.7757986520603977e-11,5.318126620905595e-11,3.767643619267047e-15,0.999999999919057
3.0663476601436926e-05,1.539306524380105e-10,2.9494853918473106e-10,3.7676456403789494e-15,0.9999999995511171
5.5797473815729484e-05,2.80103318264771e-10,5.36715812032403e-10,3.767645547766561e-15,0.9999999991831772
0.00030713744595865507,1.5418299685694216e-09,2.954388528891312e-09,3.767645547731759e-15,0.9999999955037778
0.0005584774181015806,2.803556609809471e-09,5.372061232527235e-09,3.767645547730973e-15,0.9999999918243785
0.0030718771395308363,1.5420822225914595e-08,2.9548787107290706e-08,3.767645547734439e-15,0.9999999550303871
0.0055852768609600915,2.8038086935559746e-08,5.3725511659755796e-08,3.7676455477787085e-15,0.9999999182363977
0.030719274075252646,1.542106544025369e-07,2.9549264102490145e-07,3.7676455504655956e-15,0.9999995502967008
0.0558532712895452,2.803831312236547e-07,5.372596381603576e-07,3.767645557232823e-15,0.9999991823572268
0.3071932434324708,1.5420999365502307e-06,2.9549179936355854e-06,3.767645849322442e-15,0.9999955029820661
0.5585332155753964,2.8038076774284813e-06,5.372563126290732e-06,3.767646549442219e-15,0.9999918236291926
3.071932937004652,1.542008886058676e-05,2.9547852936087834e-05,3.767675990921525e-15,0.9999550320581997
5.585332658433908,2.8035463736495536e-05,5.3721820612731165e-05,3.767746231539829e-15,0.9999182427156472
22.93590901057243,0.00011509818464475814,0.00022056509818723136,3.769343910711956e-15,0.9996643367171644
40.286485362710955,0.0002021174649429895,0.00038734499015900933,3.772885039967927e-15,0.9994105375448945
57.63706171484948,0.0002890928304537002,0.0005540607931405927,3.778368855807698e-15,0.9991568463764022
131.99012075243394,0.0006613129456722144,0.001267766039171125,3.823850935614746e-15,0.9980709210151529
206.34317979001838,0.0010327262397550536,0.0019802926030184622,3.904934020543547e-15,0.9969869811572227
280.6962388276028,0.001403334634867099,0.0026916423666912288,4.021557599227998e-15,0.995905022998438
507.55153169582456,0.002529139052866294,0.00485477013166884,4.5963973317489496e-15,0.9926160908154605
734.4068245640462,0.003647535654315906,0.00700703065509185,5.499809920479597e-15,0.9893454336905868
961.2621174322679,0.004758584871481548,0.009148486217978515,6.730087295439998e-15,0.9860929289105334
1395.4103431468316,0.006864603225618253,0.013216828721159245,9.98969840160059e-15,0.9799185680532128
1829.558568861395,0.008944355264295684,0.01724626073129804,1.4428322716088572e-14,0.9738093840043921
2263.7067945759586,0.010998264984020846,0.021237218549958307,2.0034143835043425e-14,0.9677645164660009
2697.855020290522,0.013026745101724151,0.025190126567815233,2.679540183470024e-14,0.9617831283304339
3546.1612404897965,0.016918425505974406,0.032805673012609754,4.3296609171106954e-14,0.9502759014813725
4394.467460689071,0.0207174531954294,0.04028050347739408,6.407767894362961e-14,0.9390020433271126
5242.773680888346,0.024426638970867404,0.04761750137072779,8.905236980794921e-14,0.9279558596583158
6091.07990108762,0.028048688406118658,0.05481943959202772,1.181349159866569e-13,0.9171318720017355
7882.985096696486,0.035424895095065606,0.06960031406782087,1.9268575193847323e-13,0.8949747908369208
9674.890292305352,0.04244710850230499,0.08381418810561243,2.843841927233913e-13,0.8737387033917982
11466.795487914218,0.049136905364723746,0.09748313908034753,3.924314415394807e-13,0.8533799555545365
13258.700683523084,0.05551434740608844,0.11062771301398668,5.160284069021714e-13,0.833857939579409
15050.60587913195,0.0615981097419306,0.12326707748345994,6.543733565638002e-13,0.8151348127739552
17397.39262001756,0.06915045989554401,0.13908598986881263,8.565174635414534e-13,0.791763550234787
19744.179360903167,0.07626486009427325,0.15410635192839903,1.0807463658213395e-12,0.7696287879762473
22090.966101788774,0.08297428863551934,0.16836269212255825,1.3252145132253994e-12,0.7486630192405974
24437.75284267438,0.0893089465319753,0.18188706367058777,1.5880567503537996e-12,0.728803989795849
26784.53958355999,0.09529653203566224,0.19470938209870434,1.8673883990944776e-12,0.7099940858637663
29131.326324445596,0.10096248707327221,0.20685772775694938,2.1613133730203045e-12,0.6921797851676175
32621.066807475505,0.10884298443765175,0.22373300187551978,2.6212860474189273e-12,0.6674240136842076
36110.807290505414,0.11613316076214501,0.23925812823195095,3.1030754775207222e-12,0.6446087110028014
39600.54777353532,0.12289472888779714,0.25350980774127607,3.6005075748380012e-12,0.6235954633673266
43090.288256565225,0.12918252952019377,0.26656062883446263,4.107590596532984e-12,0.6042568416412365
46580.02873959513,0.13504537104138342,0.2784798946166376,4.618578490841058e-12,0.5864747343373609
50069.76922262504,0.14052676316435075,0.28933427503685244,5.1280142709742446e-12,0.5701389617936692
54321.43535781255,0.1467454143204857,0.30121280506495224,5.73939075556512e-12,0.5520417806088231
58573.10149300007,0.1525173016206421,0.3117190563108656,6.333053227347552e-12,0.5357636420621598
62824.76762818758,0.15789657317147737,0.3209619149948943,6.902166518070623e-12,0.5211415118267266
67076.4337633751,0.16293049124846765,0.32904633463865174,7.44120840928367e-12,0.50802317410544
71328.09989856262,0.1676603173824026,0.33607313358899615,7.945984965594519e-12,0.4962665490206557
75579.76603375014,0.17212208761100908,0.34213868818856336,8.413589700986501e-12,0.48573922419201443
80989.31617683917,0.17746063283938018,0.3486103751392323,8.952238216081207e-12,0.47392899201243577
86398.8663199282,0.18247149091943046,0.3538501580847602,9.426997827975494e-12,0.46367835098638277
91808.41646301723,0.18720148658896316,0.35801994426388695,9.839093419401887e-12,0.4547785691373113
97217.96660610626,0.1916899691705566,0.36126657882152075,1.0191484358166038e-11,0.44704345199773166
102627.51674919529,0.1959699841745752,0.36372176878276913,1.0488322184508825e-11,0.4403082470321679
108037.06689228432,0.20006928464920565,0.36550244098491586,1.0734468230217697e-11,0.4344282743551444
114223.1521833165,0.204565293184387,0.36684349164653857,1.0960512813693142e-11,0.42859121515811444
120409.23747434869,0.20888427921561342,0.3675693027855075,1.1134866375829813e-11,0.42354641798774467
126595.32276538087,0.21304997209802154,0.3677922641648819,1.126501662193107e-11,0.419157763725832
132781.40805641306,0.21708182118497088,0.3676067519999414,1.1357802382806572e-11,0.41531142680373045
138967.49334744524,0.22099578618427257,0.3670914746283465,1.141937134315905e-11,0.4119127391759621
145153.57863847743,0.22480499296505974,0.36631166531446985,1.145510280367427e-11,0.4088833417090158
152758.32888788937,0.22936000255477507,0.36506898572650337,1.147038680940153e-11,0.40557101170725174
160363.0791373013,0.23378922913955946,0.3635874797371197,1.1460740597406276e-11,0.40262329111186057
167967.82938671325,0.23810566858208057,0.3619298765257144,1.143194765424175e-11,0.39996445488077353
175572.57963612519,0.24231971740453626,0.36014492357700245,1.1388614344171115e-11,0.39753535900707326
183177.32988553712,0.24643974978274333,0.3582703331629373,1.1334373964899409e-11,0.3952899170429855
190782.08013494906,0.2504725796800387,0.3563351750361823,1.1272071233846536e-11,0.3931922452725076
198902.13269453397,0.25468871817423194,0.3542271259045372,1.1199135946003535e-11,0.39108415591003237
207022.18525411887,0.2588174643592919,0.352096088507996,1.1121602123210328e-11,0.38908644712159085
215142.23781370377,0.26286352113703954,0.3499575550843615,1.104104395466443e-11,0.38717892376755847
223262.29037328868,0.26683085365137016,0.3478230473437359,1.0958647499701819e-11,0.3853460989939358
231382.34293287358,0.2707228567333092,0.3457010705093742,1.0875301903249906e-11,0.38357607274644184
239502.39549245848,0.2745424841932763,0.34359785587372926,1.0791671123955405e-11,0.3818596599222031
249660.86253484213,0.27922300728870114,0.34099980799173085,1.0687381229015295e-11,0.37977718470888117
259819.32957722578,0.2837988288379524,0.3384441416001283,1.0584094226946378e-11,0.37775702955133594
269977.79661960946,0.2882739533918865,0.3359346827451971,1.0482274211537641e-11,0.3757913638524347
280136.26366199314,0.29265198437063855,0.3334736370734378,1.0382222327266712e-11,0.373874378545542
290294.7307043768,0.29693621158793904,0.3310620757615174,1.0284125099534978e-11,0.3720017126402601
300453.1977467605,0.3011296787378808,0.328700306401858,1.0188091114828018e-11,0.37017001485007367
314447.9679069493,0.3067633549298944,0.3255276906530783,1.0059261329018647e-11,0.3677089544069686
328442.73806713807,0.31223707561956304,0.3224475383081189,9.934480930510924e-12,0.36531538606238423
342437.50822732685,0.31755727917960097,0.31945754346920735,9.813705298891757e-12,0.36298517734137864
356432.27838751563,0.32272998291190463,0.31655494483150354,9.696837552591257e-12,0.3607150722468957
370427.0485477044,0.3277608439537143,0.31373676308739923,9.583752039213563e-12,0.35850239294930325
384421.8187078932,0.3326552087296906,0.3109999792997516,9.474311954196066e-12,0.35634481196108403
405779.78171996685,0.33987297384755544,0.306973409885688,9.313998445574924e-12,0.3531536162574432
427137.7447320405,0.3468014445899391,0.303119269933927,9.161358440319288e-12,0.3500792854669732
448495.70774411416,0.3534562700761348,0.2994278808366112,9.015921489615875e-12,0.3471158490782387
469853.6707561878,0.359851974640006,0.29589008773136893,8.877237914296936e-12,0.3442579376197484
491211.63376826147,0.3660020719552865,0.29249732298028736,8.744886700856349e-12,0.34150060505568186
512569.5967803351,0.37191916533891894,0.28924164394888985,8.61848133919116e-12,0.33883919070357355
548613.7937673818,0.38140899150566226,0.28403781348483303,8.417658618957854e-12,0.3345531950010877
584657.9907544286,0.39032010492806857,0.27917133660222826,8.231225804880602e-12,0.3305085584614727
620702.1877414753,0.3986988098620316,0.27461344186437403,8.057822875059654e-12,0.32668774826553715
656746.384728522,0.4065866600803406,0.27033837345709555,7.896242518017752e-12,0.3230749664546682
692790.5817155688,0.41402106337830064,0.26632313665921264,7.745419355558642e-12,0.3196557999547418
728834.7787026155,0.42103579478111675,0.26254718341171424,7.604416318225259e-12,0.3164170217995651
777569.2439320305,0.42990675545723117,0.25778972402515,7.427917235630322e-12,0.3123035205101915
826303.7091614455,0.43813348198027885,0.2533955143384777,7.266042986774172e-12,0.30847100367397795
875038.1743908605,0.4457753828505638,0.2493290349196661,7.117223391707681e-12,0.3048955822226535
923772.6396202755,0.4528849518906821,0.24555916706466896,6.980106567297598e-12,0.3015558810376694
972507.1048496905,0.45950873424791006,0.24205853684508777,6.853517210547419e-12,0.29843272890014916
1021241.5700791054,0.46568814988432033,0.23880294323618484,6.736422073077769e-12,0.295508906872759
1088500.9131108315,0.4735543510834574,0.2346729680150923,6.588764050566546e-12,0.2917726808948621
1155760.2561425576,0.48072948994356435,0.23091982345969198,6.4554379220935905e-12,0.2883506865902888
1223019.5991742837,0.48728744352821085,0.22750125778400143,6.334711837721565e-12,0.2852112986814536
1290278.9422060098,0.49329232235601594,0.22438090348495593,6.225114376602493e-12,0.2823267741528036
1357538.2852377358,0.4987999998688974,0.22152727434213434,6.1253858382246636e-12,0.2796727257828434
1424797.628269462,0.5038594150517904,0.2189129646572629,6.034441524533664e-12,0.27722762028491293
1507350.1717252173,0.509519351417824,0.21599640233602724,5.93345844732543e-12,0.2744842462402159
1589902.7151809726,0.5146379974724564,0.2133661179556669,5.842819017627167e-12,0.2719958845660343
1672455.258636728,0.5192753383910758,0.2109892108206864,5.7612640181894625e-12,0.2697354507824774
1755007.8020924833,0.5234833730864751,0.2088373409710965,5.6877200106313904e-12,0.2676792859367413
1837560.3455482386,0.5273073820537123,0.206885982432019,5.621267273555638e-12,0.26580663550864797
1920112.889003994,0.5307869919837855,0.20511379750343695,5.561113208775997e-12,0.264099210507217
2026493.763530807,0.5348188758574294,0.20306443732440252,5.491785231190065e-12,0.26211668681267714
2132874.6380576203,0.5384009433773109,0.20124741295461251,5.430527457891488e-12,0.26035164366264674
2239255.5125844334,0.5415885211052445,0.19963342759265706,5.376280911773315e-12,0.25877805129672277
2345636.3871112466,0.5444291169863222,0.19819746580043568,5.3281494728048304e-12,0.2573734172079148
2452017.2616380597,0.5469637048386153,0.19691805809096405,5.285370217510923e-12,0.2561182370651362
2558398.136164873,0.5492277999689963,0.19577667627081413,5.247289451758973e-12,0.254995523754943
2693893.3939835364,0.5517682404819605,0.19449765623075455,5.2047100597857716e-12,0.2537341032820812
2829388.6518022,0.553974529934682,0.19338830651661837,5.167859174495527e-12,0.2526371635435326
2964883.9096208634,0.5558930824630531,0.1924247222731638,5.135910856444615e-12,0.2516821952586481
3100379.167439527,0.5575632712953399,0.19158670315321588,5.108171482538245e-12,0.250850025546337
3235874.4252581904,0.5590186224968194,0.19085710652182908,5.084055715512857e-12,0.25012427097626827
3371369.683076854,0.5602878118895334,0.1902213137562514,5.0630668669639334e-12,0.24949087434915315
3546120.816834887,0.5616892348747107,0.18951979738036148,5.039936868252292e-12,0.24879096773988887
3720871.95059292,0.562866159880308,0.18893107810371199,5.0205490183639204e-12,0.2482027620109604
3895623.0843509533,0.5638554552231493,0.18843651054402868,5.004278078245292e-12,0.24770803422781887
4070374.2181089865,0.5646876604510707,0.18802068577547357,4.990609263996619e-12,0.24729165376846624
4245125.35186702,0.5653881371183043,0.18767083031978044,4.979117126896054e-12,0.24694103255693717
4419876.485625054,0.5659780269568143,0.18737631298853571,4.96944852810446e-12,0.24664566004968155
4646066.300428591,0.5666057672675032,0.1870630041269455,4.959168823255441e-12,0.24633122860059314
4872256.115232128,0.567108890538435,0.18681197148925877,4.950936738696291e-12,0.24607913796735637
5098445.930035665,0.5675123747376409,0.18661070419783768,4.944339376637937e-12,0.24587692105957826
5324635.744839202,0.5678360961749713,0.18644925702808443,4.939049061899114e-12,0.2457146467920064
5550825.559642739,0.5680958904438886,0.18631971312960316,4.934805318933912e-12,0.24558439642157473
5777015.374446276,0.5683044193160222,0.1862157457563379,4.931400180999425e-12,0.24547983492270972
6000000.0,0.5684697101092786,0.18613334423950656,4.9287018282178865e-12,0.24539694564628753
